Area ID,Head segment ID,FRC of head segment,Count seg whip,Head pen rate,Head Ticon ADT,Head avg daily RSS,Avg whip pen rate,Std dev whip seg pen rate,Relat range,Month
1273,-1209665321,4,4,0.183,4601,841.387,0.202,0.055,0.626,22-5
1273,-124170787,4,5,0.192,1204,231.677,0.182,0.047,0.682,22-5
1273,809404210,4,4,0.297,4701,1398.258,0.184,0.078,0.911,22-5
1273,1209559976,4,6,0.138,8813,1213.871,0.153,0.028,0.492,22-5
1273,-124171003,4,6,0.204,8402,1710.194,0.13,0.04,0.809,22-5
1273,-1209559814,4,7,0.199,10333,2056.032,0.142,0.026,0.566,22-5
1273,1209665326,4,5,0.202,948,191.452,0.193,0.02,0.264,22-5
1273,-1209665333,4,7,0.152,9190,1392.871,0.129,0.019,0.376,22-5
1273,1209665530,4,7,0.152,9806,1491.774,0.073,0.069,2.094,22-5
1273,1209665345,4,6,0.157,10526,1652.548,0.142,0.015,0.257,22-5
1233,-846841199,4,3,0.32,9935,3177.71,0.303,0.049,0.31,22-5
1233,-1209990542,4,4,0.134,21080,2819.097,0.161,0.024,0.359,22-5
1233,-1209831818,4,6,0.163,10119,1649.419,0.127,0.022,0.429,22-5
1233,-1209850828,4,5,0.251,6735,1693.194,0.206,0.034,0.403,22-5
1233,1209994519,4,11,0.125,4696,586.097,0.128,0.011,0.25,22-5
1273,1209514689,4,16,0.178,6878,1225.548,0.198,0.023,0.371,22-5
1233,829469866,4,4,0.131,9659,1268.032,0.143,0.011,0.176,22-5
1273,-1209514575,4,16,0.217,8968,1942.968,0.164,0.021,0.453,22-5
1233,23121339,4,2,0.149,16696,2494.645,0.139,0.015,0.151,22-5
1233,-1209853251,4,11,0.192,5341,1026.387,0.126,0.023,0.675,22-5
1233,-846841208,4,13,0.107,4245,452.613,0.1,0.013,0.45,22-5
1233,1209838275,4,5,0.137,14087,1932.355,0.121,0.015,0.289,22-5
1233,1209833452,4,12,0.143,3851,550.774,0.081,0.023,1.115,22-5
1243,-1159282720,4,10,0.113,6504,733.258,0.097,0.033,0.94,22-5
1243,102422684,4,10,0.166,4180,692.032,0.144,0.034,0.674,22-5
1242,-1197552591,4,5,0.124,17128,2116,0.127,0.032,0.594,22-5
1242,1197549952,4,5,0.21,10518,2206.806,0.178,0.032,0.474,22-5
1243,102422693,4,8,0.211,5549,1169.226,0.198,0.018,0.238,22-5
1894,1188183233,4,3,0.128,6692,854.419,0.148,0.025,0.329,22-5
1894,-1215072450,4,3,0.241,2996,720.645,0.209,0.032,0.307,22-5
1894,1215200268,4,3,0.175,3862,675.387,0.158,0.023,0.275,22-5
1894,-1215073450,4,3,0.18,5489,987.903,0.175,0.029,0.33,22-5
1895,-1215072640,4,4,0.115,5666,649.71,0.083,0.024,0.622,22-5
1895,1215085621,4,4,0.141,5529,780.516,0.138,0.032,0.559,22-5
1894,1215074655,4,6,0.137,2480,339.613,0.15,0.023,0.366,22-5
1894,-1145730055,4,6,0.172,4271,733.645,0.138,0.026,0.425,22-5
1895,1188260832,4,6,0.149,4074,609.032,0.087,0.031,1.012,22-5
1895,1215072509,4,4,0.091,3932,357.129,0.104,0.019,0.371,22-5
1895,-1215086539,4,4,0.106,8258,873.774,0.088,0.017,0.441,22-5
1895,-1215073030,4,6,0.097,4797,466.581,0.083,0.019,0.62,22-5
1895,-43014559,4,9,0.15,4269,638.387,0.091,0.023,0.817,22-5
1060,-1206932736,4,2,0.173,2251,388.581,0.178,0.008,0.062,22-5
1895,1215073562,4,9,0.095,5004,474.194,0.088,0.019,0.703,22-5
1060,1206932737,4,2,0.129,2787,360.613,0.193,0.09,0.659,22-5
1241,1197102582,4,11,0.098,10418,1018.871,0.096,0.016,0.447,22-5
1241,-1197158738,4,14,0.12,12214,1465.581,0.086,0.012,0.516,22-5
1281,1188194086,4,6,0.215,1339,287.323,0.22,0.056,0.735,22-5
1275,1119438653,4,4,0.265,5894,1560.226,0.275,0.013,0.103,22-5
1280,-1215093333,4,3,0.172,3390,582.839,0.144,0.026,0.362,22-5
1280,1215089287,4,3,0.109,5211,569.065,0.123,0.016,0.255,22-5
1275,941935684,4,5,0.34,5218,1775.419,0.333,0.078,0.594,22-5
1280,1215076995,4,3,0.179,4497,803.129,0.137,0.037,0.503,22-5
1280,-1215309789,4,5,0.171,6571,1121.258,0.121,0.028,0.583,22-5
1274,-1209192069,4,1,0.174,8576,1494.129,0.174,0,0,22-5
1280,-1215077268,4,3,0.143,2305,330.258,0.145,0.025,0.35,22-5
1898,-18874721,4,1,0.11,3484,382.032,0.11,0,0,22-5
1274,1209117733,4,3,0.22,8693,1916.065,0.247,0.042,0.301,22-5
1280,-1215092305,4,6,0.113,6309,714.548,0.105,0.014,0.337,22-5
1898,18874721,4,1,0.188,4459,837.581,0.188,0,0,22-5
1898,18874727,4,1,0.078,1810,142.032,0.078,0,0,22-5
1898,123353961,4,1,0.138,4289,591.581,0.138,0,0,22-5
1274,-759545770,4,7,0.25,989,247.065,0.226,0.033,0.409,22-5
1274,1061133296,4,7,0.082,1908,157.161,0.099,0.009,0.265,22-5
1274,-1209117655,4,8,0.208,8454,1761.419,0.205,0.023,0.31,22-5
1282,1215141752,4,4,0.066,7085,465.839,0.063,0.007,0.237,22-5
1274,1209297650,4,10,0.22,6824,1501.161,0.232,0.035,0.51,22-5
1282,-43014813,4,7,0.069,5768,400.806,0.067,0.004,0.161,22-5
1282,-1215141275,4,4,0.054,7088,383.29,0.064,0.007,0.247,22-5
1282,-1215141923,4,7,0.071,6011,426.871,0.071,0.011,0.477,22-5
1282,1145743111,4,7,0.054,7331,394.645,0.056,0.008,0.385,22-5
1282,945587126,4,7,0.061,6411,391.613,0.063,0.004,0.177,22-5
1277,1154995444,4,2,0.089,16702,1481.323,0.073,0.023,0.44,22-5
1277,-1154995443,4,2,0.064,15703,998.71,0.079,0.022,0.39,22-5
1277,1209418897,4,3,0.062,14295,890.935,0.079,0.016,0.39,22-5
1277,-1056158045,4,3,0.069,19087,1315,0.068,0.008,0.245,22-5
1278,923717505,4,5,0.247,2965,732.581,0.145,0.061,1.134,22-5
1279,-1221636023,4,2,0.178,996,177.581,0.183,0.006,0.049,22-5
1278,1209989041,4,5,0.122,4534,554.677,0.128,0.033,0.668,22-5
1279,907423569,4,2,0.167,3393,567.226,0.161,0.009,0.078,22-5
1279,1221636024,4,2,0.201,1028,206.935,0.184,0.024,0.188,22-5
1279,-907423568,4,2,0.214,2763,592.226,0.206,0.012,0.082,22-5
1294,-1256145521,4,9,0.061,5456,330.516,0.068,0.006,0.286,22-5
1284,-1219798158,4,3,0.135,4953,666.226,0.116,0.031,0.471,22-5
1294,-18756820,4,13,0.126,3170,397.968,0.102,0.013,0.414,22-5
1294,1210082803,4,10,0.083,5834,485.516,0.068,0.009,0.424,22-5
1294,1256146940,4,15,0.107,4096,436.645,0.087,0.011,0.454,22-5
1284,1219798277,4,3,0.096,5201,497.065,0.098,0.017,0.344,22-5
1285,-1219811318,4,2,0.105,10879,1142.806,0.11,0.007,0.088,22-5
1285,1244000534,4,4,0.082,10900,894.258,0.065,0.013,0.462,22-5
1285,-1185991170,4,5,0.063,11353,714.484,0.056,0.013,0.541,22-5
1290,1210181715,4,4,0.174,11697,2030,0.146,0.022,0.36,22-5
1902,1219813797,4,3,0.099,9497,942.677,0.106,0.018,0.316,22-5
1290,-123864302,4,4,0.201,10081,2023.645,0.17,0.024,0.33,22-5
1293,42993121,4,1,0.179,2399,430,0.179,0,0,22-5
1902,-1185800134,4,3,0.101,8234,835.194,0.108,0.015,0.249,22-5
1902,-1219815159,4,8,0.11,7291,804.613,0.12,0.02,0.43,22-5
1902,-1219817443,4,8,0.122,7674,933.419,0.108,0.021,0.546,22-5
1286,1213410293,4,2,0.246,7093,1743.484,0.184,0.088,0.675,22-5
1286,-1213410292,4,2,0.169,5200,881,0.233,0.091,0.548,22-5
1286,-778168875,4,2,0.265,7681,2038.29,0.234,0.044,0.263,22-5
1293,-1213728722,4,7,0.074,12593,933.194,0.073,0.009,0.34,22-5
1286,778168876,4,2,0.181,8567,1553.065,0.193,0.016,0.117,22-5
1293,1213728686,4,8,0.082,15654,1288.226,0.064,0.009,0.422,22-5
1296,1269343175,4,2,0.089,9870,877.71,0.101,0.017,0.237,22-5
1296,-1269343174,4,2,0.231,6006,1385.161,0.203,0.039,0.275,22-5
1296,1269341456,4,5,0.111,7260,805.935,0.106,0.018,0.43,22-5
1296,-1238431696,4,5,0.228,3258,741.645,0.272,0.033,0.297,22-5
1200,1269331019,4,5,0.083,12149,1012.968,0.083,0.011,0.344,22-5
1200,-1269331023,4,5,0.119,11747,1403.452,0.089,0.018,0.484,22-5
1200,1269322582,4,8,0.129,9459,1219.548,0.083,0.024,0.846,22-5
1200,1238432080,4,7,0.119,16317,1947.935,0.092,0.016,0.475,22-5
1200,-1212818426,4,7,0.116,15161,1763.452,0.098,0.015,0.408,22-5
1200,-1269333211,4,8,0.142,8024,1139.097,0.099,0.02,0.607,22-5
1134,762160761,4,12,0.091,9856,896.419,0.067,0.009,0.506,22-5
1307,1215071271,4,4,0.125,8616,1072.839,0.097,0.021,0.527,22-5
1307,1215070315,4,7,0.203,2307,469.419,0.131,0.055,1.047,22-5
1307,-43014939,4,7,0.115,3477,401.29,0.075,0.029,0.995,22-5
1307,-913422249,4,4,0.133,6316,840.581,0.118,0.017,0.329,22-5
1307,-1145741273,4,6,0.128,4241,544.161,0.089,0.026,0.701,22-5
1307,1215069871,4,6,0.126,4222,530.065,0.088,0.021,0.628,22-5
1307,913422247,4,7,0.075,6861,517.452,0.057,0.01,0.533,22-5
1307,-1215071006,4,7,0.098,5573,546.129,0.079,0.015,0.48,22-5
1288,-1255659123,4,13,0.065,5120,334.065,0.101,0.023,0.721,22-5
1288,1189978055,4,13,0.132,5148,680.742,0.083,0.019,0.894,22-5
1289,18659730,4,9,0.153,4547,695.871,0.106,0.024,0.651,22-5
1289,-1189689438,4,9,0.168,5076,854.806,0.118,0.031,0.678,22-5
1289,1189687964,4,8,0.195,3540,691.645,0.138,0.032,0.647,22-5
1288,-1189978048,4,17,0.153,4511,688.161,0.115,0.014,0.452,22-5
1288,1255654151,4,17,0.155,3145,486.452,0.149,0.014,0.356,22-5
1289,-1191061042,4,8,0.17,3653,622.161,0.144,0.027,0.556,22-5
1297,-1112079739,4,6,0.128,5324,681.226,0.075,0.041,1.25,22-5
1297,1213490062,4,6,0.077,5893,455.387,0.067,0.018,0.688,22-5
1302,1210281204,4,4,0.056,13588,760.129,0.057,0.003,0.142,22-5
1302,-1210189251,4,4,0.063,11793,740.516,0.058,0.005,0.186,22-5
1310,-123378189,4,2,0.119,7604,908.129,0.11,0.013,0.172,22-5
1310,1203543554,4,2,0.123,7973,984.129,0.133,0.014,0.151,22-5
1310,-1203543553,4,2,0.131,7179,938.548,0.111,0.028,0.363,22-5
1310,1134615839,4,2,0.11,8181,897.871,0.113,0.004,0.051,22-5
1302,762160761,4,20,0.091,9856,896.419,0.067,0.008,0.504,22-5
1905,1314011652,4,4,0.151,3515,529.097,0.101,0.037,0.797,22-5
1905,-1243437316,4,4,0.14,4247,595.032,0.102,0.041,0.759,22-5
1905,1243607192,4,5,0.188,5979,1126.452,0.156,0.035,0.51,22-5
1905,-1243438979,4,5,0.179,6972,1248.355,0.131,0.03,0.597,22-5
1905,1243437319,4,5,0.237,4601,1089.419,0.21,0.044,0.51,22-5
1905,1210742872,4,7,0.236,3009,711.516,0.182,0.042,0.572,22-5
1905,-110459496,4,7,0.112,5299,595.548,0.089,0.016,0.535,22-5
1905,-1034088061,4,5,0.186,5529,1030.032,0.127,0.035,0.723,22-5
1906,-1033293370,4,4,0.076,8397,635.484,0.089,0.024,0.627,22-5
1907,-1314007226,4,3,0.065,7559,490.323,0.085,0.027,0.598,22-5
1907,1313997125,4,3,0.134,7434,997.452,0.095,0.035,0.678,22-5
1906,97981239,4,4,0.08,6965,558.645,0.091,0.02,0.472,22-5
1906,1243869995,4,8,0.103,6806,699.71,0.068,0.016,0.716,22-5
1906,-1134382206,4,8,0.071,4596,324.871,0.085,0.017,0.57,22-5
1302,-1210189399,4,20,0.084,6915,577.774,0.085,0.009,0.353,22-5
1907,1033243943,4,7,0.057,8861,503.323,0.059,0.014,0.644,22-5
1907,-1209997170,4,7,0.068,7270,492.613,0.077,0.02,0.75,22-5
1908,-1244077913,4,6,0.097,5260,511.065,0.084,0.013,0.364,22-5
1911,-1298282787,4,5,0.163,4593,750.129,0.142,0.027,0.454,22-5
1908,1314246922,4,6,0.086,5349,462.129,0.076,0.012,0.346,22-5
1911,1197049800,4,7,0.11,5761,633.032,0.114,0.017,0.439,22-5
1911,-1197046102,4,7,0.233,5415,1263.548,0.205,0.016,0.204,22-5
1911,747120368,4,8,0.246,7637,1879.452,0.175,0.034,0.578,22-5
1908,-1210131206,4,13,0.088,4559,402.29,0.091,0.008,0.287,22-5
1911,-1197050075,4,6,0.207,4093,848.097,0.141,0.034,0.678,22-5
1908,1314247010,4,13,0.091,4422,400.548,0.077,0.006,0.266,22-5
1911,102931419,4,5,0.144,4089,589.742,0.131,0.042,0.775,22-5
1911,1298283253,4,8,0.212,4302,912.677,0.185,0.025,0.363,22-5
1314,-1252925221,4,6,0.339,2547,864.548,0.268,0.05,0.499,22-5
1911,-102931385,4,9,0.194,4348,845.355,0.178,0.029,0.503,22-5
1314,1195109281,4,6,0.219,3100,678.194,0.225,0.025,0.3,22-5
1893,976635077,4,1,0.1,12378,1232.839,0.1,0,0,22-5
1303,715127324,4,2,0.163,3639,592.258,0.166,0.004,0.034,22-5
1303,-715127323,4,2,0.186,3341,621.387,0.175,0.015,0.123,22-5
1303,1238245849,4,2,0.208,2585,536.742,0.188,0.028,0.209,22-5
1311,1201646748,4,3,0.293,653,191.194,0.279,0.068,0.479,22-5
1303,-715136255,4,2,0.159,2722,433.129,0.19,0.044,0.327,22-5
1311,-1201908779,4,3,0.191,629,120.355,0.275,0.094,0.674,22-5
1912,833537503,4,8,0.198,5593,1108.903,0.155,0.053,0.961,22-5
1912,-1293216947,4,8,0.272,4542,1236,0.158,0.055,1.003,22-5
1909,1255424054,4,3,0.238,2655,632.226,0.162,0.068,0.797,22-5
1912,-1281565214,4,11,0.186,5008,930.871,0.174,0.032,0.65,22-5
1912,832672730,4,11,0.177,6472,1145.419,0.146,0.027,0.629,22-5
1909,-1246799034,4,3,0.279,2184,609.548,0.304,0.1,0.64,22-5
1912,-23048743,4,12,0.217,3897,846.774,0.206,0.023,0.353,22-5
1912,-1202705440,4,16,0.178,4107,732.903,0.114,0.044,1.363,22-5
1912,-1202715852,4,18,0.21,3881,816.452,0.18,0.021,0.363,22-5
1912,801464388,4,18,0.262,3863,1013.452,0.177,0.028,0.674,22-5
1306,-1047506547,4,6,0.103,7266,746.71,0.111,0.007,0.166,22-5
1315,-98072748,4,1,0.097,1439,139.226,0.097,0,0,22-5
1315,98349129,4,2,0.271,6883,1865.387,0.199,0.102,0.728,22-5
1306,1310485095,4,6,0.091,8698,792.935,0.091,0.007,0.213,22-5
1315,-18864827,4,3,0.118,5660,666.258,0.114,0.014,0.237,22-5
1315,1213106482,4,4,0.155,3244,503.968,0.152,0.004,0.057,22-5
1306,1047506545,4,11,0.065,12321,804.161,0.065,0.005,0.233,22-5
1315,-1241540049,4,1,0.126,6062,764.387,0.126,0,0,22-5
1315,1241540049,4,1,0.135,6270,846,0.135,0,0,22-5
1306,-23463768,4,11,0.122,7139,869.581,0.111,0.009,0.217,22-5
1315,1241540048,4,3,0.112,5499,616.581,0.115,0.005,0.083,22-5
1315,1252184920,4,3,0.105,5383,566.161,0.111,0.013,0.216,22-5
1315,-1252184917,4,3,0.123,5410,666.968,0.107,0.014,0.242,22-5
1315,-906572236,4,6,0.169,6744,1137.29,0.171,0.028,0.439,22-5
585,-1204486495,4,3,0.242,4069,984.677,0.171,0.062,0.671,22-5
585,23038716,4,4,0.179,3228,578.419,0.193,0.077,0.841,22-5
585,-23038665,4,5,0.186,4648,863.065,0.168,0.029,0.414,22-5
585,835909182,4,4,0.156,6060,945.323,0.113,0.03,0.624,22-5
1304,-1211387573,4,8,0.188,3510,658.871,0.128,0.038,0.802,22-5
1304,1200697518,4,8,0.175,3750,654.419,0.122,0.028,0.674,22-5
1304,1211384530,4,13,0.32,1539,492.516,0.284,0.055,0.701,22-5
1312,-1201738501,4,3,0.096,4474,429.387,0.078,0.016,0.375,22-5
1312,1201738502,4,2,0.07,4690,329.968,0.085,0.02,0.339,22-5
1304,-1200697732,4,13,0.163,3885,632.774,0.106,0.021,0.761,22-5
1914,1307355311,4,9,0.067,7957,529.516,0.094,0.032,0.875,22-5
1917,-1212782191,4,3,0.042,14479,610.452,0.047,0.004,0.174,22-5
1914,-715157499,4,9,0.122,9443,1147.903,0.08,0.023,0.758,22-5
1917,820280196,4,1,0.053,16310,869.645,0.053,0,0,22-5
1917,1212784143,4,3,0.058,5745,332.613,0.063,0.005,0.161,22-5
1917,-820302360,4,3,0.117,6656,777.323,0.096,0.019,0.378,22-5
1914,1216482349,4,13,0.09,8771,785.742,0.088,0.01,0.398,22-5
1917,-1212568981,4,3,0.05,7996,402.484,0.045,0.005,0.182,22-5
1917,1191238382,4,3,0.091,7787,704.935,0.092,0.012,0.26,22-5
1917,-1212851123,4,2,0.078,5139,403.258,0.058,0.029,0.703,22-5
1917,-1212783519,4,5,0.079,7306,580.548,0.086,0.007,0.201,22-5
1914,-722321567,4,13,0.126,8202,1032.903,0.124,0.016,0.478,22-5
1915,1131847077,4,3,0.273,2300,627.097,0.222,0.044,0.368,22-5
1915,1035262962,4,6,0.29,904,262.161,0.246,0.067,0.602,22-5
1915,-1035262959,4,3,0.15,3517,527.516,0.14,0.021,0.277,22-5
1915,-1131847260,4,6,0.305,991,301.806,0.215,0.067,0.677,22-5
1916,-1212850132,4,2,0.325,2875,933.645,0.278,0.066,0.337,22-5
1916,1212849996,4,4,0.172,2793,479,0.195,0.037,0.418,22-5
1916,-1212849356,4,7,0.246,2724,670.71,0.236,0.035,0.438,22-5
1916,1212848930,4,5,0.178,4878,867.387,0.139,0.025,0.45,22-5
1922,-1217607631,4,7,0.097,268,26.065,0.094,0.029,0.864,22-5
1922,41491275,4,9,0.081,602,48.742,0.087,0.018,0.632,22-5
1922,1255282315,4,7,0.11,224,24.71,0.088,0.017,0.592,22-5
1922,-1111303150,4,7,0.152,504,76.71,0.101,0.026,0.698,22-5
1318,1213487431,4,8,0.159,4486,711.387,0.114,0.024,0.567,22-5
1318,-1252335057,4,8,0.144,3086,443.161,0.151,0.022,0.467,22-5
1919,825696695,4,8,0.185,1229,227.032,0.115,0.029,0.777,22-5
1919,-1291757255,4,7,0.189,1562,294.516,0.209,0.035,0.492,22-5
1919,825696700,4,5,0.117,6133,720.387,0.126,0.024,0.493,22-5
1919,-1291758472,4,2,0.189,6670,1258.29,0.18,0.012,0.097,22-5
1919,825690310,4,2,0.112,10251,1148.516,0.116,0.005,0.066,22-5
1919,-1242287764,4,5,0.125,6436,801.71,0.129,0.022,0.453,22-5
1919,-1291757047,4,8,0.147,731,107.226,0.14,0.02,0.442,22-5
1919,825696697,4,8,0.173,5852,1013.097,0.136,0.016,0.387,22-5
1919,1291756380,4,7,0.072,6208,446.194,0.049,0.012,0.703,22-5
1924,-1233395919,4,3,0.214,1374,294.161,0.181,0.036,0.394,22-5
1919,-1291756377,4,8,0.131,7406,971.548,0.123,0.014,0.335,22-5
1924,-1232685161,4,6,0.157,2941,462.194,0.164,0.025,0.358,22-5
1924,1233395920,4,2,0.094,2386,223.097,0.123,0.042,0.479,22-5
1924,-115872955,4,8,0.18,2768,499.065,0.148,0.026,0.402,22-5
1926,-1251307195,4,8,0.059,2830,166.613,0.054,0.004,0.19,22-5
1926,-711438574,4,8,0.039,5235,205.613,0.048,0.005,0.31,22-5
1927,1251279575,4,5,0.159,3459,549.645,0.15,0.045,0.748,22-5
1926,1181195291,4,10,0.064,7033,450.968,0.049,0.006,0.489,22-5
1926,-1181195288,4,12,0.076,6349,484.806,0.062,0.009,0.439,22-5
1926,1251316747,4,12,0.049,8143,398.935,0.052,0.006,0.43,22-5
1926,-1073487883,4,10,0.057,6435,368.968,0.06,0.006,0.341,22-5
1927,-715113421,4,5,0.167,5016,837.419,0.115,0.032,0.671,22-5
1301,-1209181267,4,5,0.073,3346,245.129,0.074,0.001,0.043,22-5
1301,1209049536,4,6,0.071,3600,256.839,0.073,0.003,0.111,22-5
1300,-1269148326,4,3,0.103,7869,807.161,0.117,0.012,0.188,22-5
1300,-1269144613,4,4,0.152,7044,1069.613,0.16,0.024,0.357,22-5
1300,1269287711,4,3,0.1,7955,799.452,0.087,0.012,0.248,22-5
1300,-836682740,4,4,0.134,6688,895.226,0.118,0.017,0.283,22-5
1300,1269286855,4,4,0.339,5083,1720.968,0.24,0.067,0.612,22-5
1300,-1212748415,4,4,0.175,4178,729.323,0.206,0.049,0.516,22-5
1300,1269456223,4,3,0.151,7992,1203.29,0.125,0.028,0.44,22-5
1300,31991015,4,5,0.203,4400,893.452,0.173,0.034,0.451,22-5
1338,895105528,4,2,0.252,6772,1708.065,0.259,0.009,0.051,22-5
1340,-1239507173,4,8,0.186,10978,2047.161,0.144,0.025,0.477,22-5
1340,118212974,4,4,0.162,12527,2029.581,0.159,0.044,0.62,22-5
1340,-118212976,4,4,0.211,12561,2652.645,0.14,0.048,0.76,22-5
1338,-914157401,4,3,0.172,14790,2538.419,0.218,0.064,0.548,22-5
1338,-1219144687,4,3,0.234,9344,2188.645,0.249,0.03,0.222,22-5
1340,118212983,4,8,0.2,13391,2677.323,0.142,0.029,0.652,22-5
1338,1219140999,4,6,0.228,10376,2361.774,0.209,0.023,0.285,22-5
1338,-127644396,4,7,0.26,4728,1231.387,0.256,0.025,0.212,22-5
1341,-1256863690,4,8,0.004,18638,81,0.002,0.001,1.389,22-5
1341,-1210511524,4,13,0.002,19289,41.806,0.003,0.001,0.662,22-5
1341,888421596,4,8,0.066,18626,1223.161,0.05,0.01,0.565,22-5
1341,-888421590,4,8,0.076,15724,1188.129,0.059,0.012,0.559,22-5
1341,1210508775,4,5,0.065,17482,1138.387,0.055,0.01,0.386,22-5
1341,-1210505170,4,6,0.099,9891,978.226,0.078,0.014,0.507,22-5
1341,-1210506515,4,9,0.073,12678,923.032,0.06,0.008,0.364,22-5
1341,1256863682,4,10,0.066,13691,909.129,0.055,0.006,0.397,22-5
1320,1219847189,4,3,0.094,9785,916.097,0.105,0.012,0.231,22-5
1320,1060441525,4,4,0.114,8566,978.645,0.101,0.018,0.393,22-5
1320,-115913748,4,4,0.088,8757,772.935,0.112,0.025,0.498,22-5
1327,1215085287,4,3,0.089,4460,397.968,0.083,0.01,0.215,22-5
1320,-1219850026,4,3,0.209,5834,1222.065,0.169,0.037,0.429,22-5
1327,1215083238,4,4,0.126,3439,431.871,0.112,0.013,0.273,22-5
1327,-1215083080,4,4,0.163,4375,713.194,0.131,0.024,0.419,22-5
1327,-1215085407,4,3,0.119,3942,468.484,0.105,0.02,0.356,22-5
1327,1215087543,4,3,0.156,2631,411.355,0.137,0.017,0.216,22-5
1327,-1215087644,4,3,0.149,3639,543.613,0.132,0.016,0.24,22-5
1327,-43014843,4,6,0.067,5705,380.129,0.059,0.006,0.26,22-5
1327,1215086439,4,6,0.054,8426,458.839,0.043,0.007,0.425,22-5
1325,-1308098741,4,2,0.058,2590,149.774,0.048,0.014,0.4,22-5
1325,1308098742,4,2,0.068,1755,120.097,0.07,0.002,0.039,22-5
1325,-774524581,4,5,0.123,1074,132.323,0.109,0.012,0.247,22-5
1325,1215080788,4,5,0.125,1887,235.903,0.093,0.019,0.511,22-5
1920,786770162,4,1,0.273,19539,5342.871,0.273,0,0,22-5
1920,-786746246,4,1,0.256,21469,5504.645,0.256,0,0,22-5
1920,1119320527,4,2,0.218,20835,4546.452,0.193,0.036,0.263,22-5
1920,-1119320532,4,3,0.169,21325,3598.194,0.171,0.047,0.545,22-5
1930,914878167,4,3,0.244,2069,504.29,0.197,0.042,0.406,22-5
1930,-18793799,4,3,0.28,1320,369.323,0.293,0.046,0.301,22-5
1930,18793877,4,3,0.105,2333,244.226,0.121,0.044,0.685,22-5
1930,18857598,4,5,0.11,2540,278.258,0.134,0.044,0.778,22-5
1930,-18793919,4,4,0.185,2185,404.29,0.194,0.051,0.563,22-5
1345,1295682504,4,6,0.097,2009,195.032,0.114,0.037,0.828,22-5
1345,-826638933,4,6,0.083,6243,518.581,0.045,0.019,1.151,22-5
1345,826638937,4,4,0.143,1237,176.645,0.151,0.023,0.347,22-5
1345,1068806708,4,4,0.108,1816,196.226,0.085,0.026,0.707,22-5
1321,1193683058,4,2,0.096,5152,493.806,0.09,0.008,0.12,22-5
1321,1213413213,4,5,0.155,4218,651.839,0.177,0.039,0.555,22-5
1321,1213329054,4,5,0.117,3708,432.774,0.134,0.041,0.736,22-5
1321,-1213328525,4,4,0.105,5433,570.419,0.097,0.006,0.144,22-5
1321,-1241947879,4,4,0.161,4883,786.613,0.113,0.034,0.655,22-5
1321,-1213177189,4,6,0.108,5293,569.613,0.105,0.014,0.348,22-5
1321,1213177109,4,6,0.134,5547,743.806,0.111,0.013,0.344,22-5
1321,-1213409845,4,5,0.119,4708,559.71,0.111,0.021,0.496,22-5
1356,-1194228241,4,3,0.111,9064,1010.129,0.146,0.035,0.477,22-5
1356,-1194231700,4,4,0.156,7889,1230.097,0.144,0.025,0.39,22-5
1356,1211878732,4,3,0.253,8680,2198.71,0.155,0.086,1.028,22-5
1356,-1012183574,4,7,0.113,2936,331.323,0.12,0.03,0.765,22-5
1356,1300379378,4,4,0.118,7753,914.161,0.137,0.018,0.264,22-5
1356,1211878778,4,5,0.115,10001,1147.935,0.085,0.019,0.591,22-5
1328,-1219799711,4,2,0.18,3701,664.645,0.156,0.033,0.296,22-5
1356,-1309767108,4,5,0.097,9633,935.935,0.093,0.012,0.315,22-5
1328,1219799712,4,2,0.216,1942,419.806,0.226,0.013,0.084,22-5
1328,-1186807742,4,5,0.081,8741,709.484,0.08,0.005,0.157,22-5
1356,1300439622,4,7,0.236,1496,353.032,0.236,0.077,1.04,22-5
1328,883644844,4,5,0.09,7755,696.065,0.086,0.007,0.184,22-5
1342,1275847596,4,5,0.076,8639,658.29,0.084,0.008,0.224,22-5
1328,-878195569,4,10,0.07,9190,642,0.08,0.013,0.537,22-5
1328,1282588734,4,10,0.092,8680,797.258,0.092,0.015,0.548,22-5
1342,-1209587027,4,8,0.144,5585,806.226,0.124,0.014,0.362,22-5
1921,-1264599732000,4,3,0.158,1980,312.323,0.17,0.011,0.128,22-5
1342,-1209586929,4,10,0.105,20030,2102.548,0.112,0.03,0.804,22-5
1921,1212182561000,4,4,0.066,4444,292.548,0.072,0.019,0.586,22-5
1342,888075886,4,14,0.105,12657,1328.226,0.111,0.024,0.718,22-5
1342,1209555089,4,12,0.135,10618,1438.226,0.134,0.036,0.752,22-5
1342,-888073797,4,13,0.129,16563,2134.484,0.124,0.031,0.742,22-5
1929,-1032831678,4,2,0.143,3770,539.065,0.115,0.039,0.478,22-5
1929,1032831679,4,2,0.075,5347,400.355,0.082,0.009,0.164,22-5
1330,-1243442260,4,3,0.058,7602,440.258,0.058,0.003,0.104,22-5
1330,1185988155,4,3,0.082,6760,552.129,0.071,0.009,0.239,22-5
1330,1243442259,4,4,0.069,5640,388.226,0.075,0.011,0.311,22-5
1330,-1243433293,4,4,0.065,8051,523.387,0.052,0.008,0.332,22-5
1330,-1219806206,4,6,0.144,4849,700.419,0.122,0.015,0.321,22-5
1330,1219807238,4,6,0.074,8190,606.839,0.064,0.006,0.259,22-5
1330,1219804647,4,5,0.078,7183,561.613,0.065,0.012,0.385,22-5
1330,-1219804980,4,5,0.092,7217,664,0.065,0.017,0.606,22-5
1929,1032831673,4,12,0.146,6040,882.806,0.1,0.016,0.581,22-5
1929,-1281698198,4,12,0.109,4945,539.226,0.112,0.01,0.298,22-5
1322,-1058752946,4,7,0.302,1652,499.097,0.201,0.056,0.79,22-5
1322,1185423296,4,7,0.275,1160,318.613,0.295,0.047,0.367,22-5
1331,-1219799491,4,4,0.111,5187,575.194,0.11,0.005,0.094,22-5
1331,1219799338,4,4,0.053,7469,398.484,0.053,0.002,0.087,22-5
1331,-1219799720,4,9,0.121,4774,579.581,0.091,0.018,0.537,22-5
1331,-90791039,4,12,0.185,5465,1013.484,0.122,0.036,0.756,22-5
1331,1243434940,4,9,0.149,3100,461.645,0.135,0.022,0.467,22-5
1331,18874453,4,12,0.088,7639,671.032,0.085,0.024,0.782,22-5
1348,-1203334554,4,7,0.109,9917,1080.935,0.096,0.008,0.241,22-5
1334,-116351721,4,2,0.123,9683,1193.161,0.182,0.083,0.643,22-5
1348,-828299398,4,10,0.083,16508,1369.323,0.081,0.025,0.953,22-5
1348,1295835123,4,7,0.113,9566,1084.129,0.1,0.009,0.236,22-5
1334,-97904336,4,2,0.271,6430,1742.742,0.241,0.042,0.245,22-5
1348,-1295700588,4,6,0.07,7364,518.129,0.085,0.015,0.463,22-5
1334,97085668,4,2,0.16,9983,1594.129,0.15,0.013,0.125,22-5
1334,-97085689,4,2,0.172,8184,1409.677,0.166,0.008,0.071,22-5
1348,1299549096,4,8,0.135,6572,885.935,0.089,0.023,0.698,22-5
1334,97085711,4,3,0.138,6494,895.968,0.131,0.014,0.19,22-5
1348,828296775,4,9,0.087,14596,1271.452,0.079,0.023,0.911,22-5
1334,97085598,4,2,0.171,11795,2018.774,0.159,0.017,0.147,22-5
1334,-97085972,4,3,0.308,2603,801.484,0.27,0.033,0.211,22-5
1334,773324906,4,2,0.236,12564,2963.581,0.175,0.086,0.699,22-5
1334,1304430980,4,5,0.07,7103,494.935,0.073,0.007,0.216,22-5
1334,97063615,4,2,0.121,9689,1174.806,0.137,0.022,0.228,22-5
1334,-97085632,4,2,0.167,11253,1880.29,0.168,0.001,0.007,22-5
1346,1269956332,4,2,0.165,4487,742.097,0.137,0.04,0.408,22-5
1334,-97063727,4,5,0.137,6045,830.484,0.125,0.019,0.354,22-5
1346,-1269956331,4,2,0.1,5747,576.645,0.121,0.029,0.342,22-5
1346,-1269959257,4,1,0.121,6853,827.129,0.121,0,0,22-5
1346,1269959257,4,1,0.16,6241,998.774,0.16,0,0,22-5
1346,-1269957574,4,4,0.194,2306,448.097,0.187,0.05,0.613,22-5
1346,832694641,4,4,0.222,2199,487.097,0.156,0.046,0.677,22-5
1346,1269956339,4,7,0.1,5259,527.065,0.122,0.018,0.392,22-5
1346,-1269957570,4,7,0.166,6057,1003.355,0.108,0.028,0.741,22-5
1923,1210319031,4,4,0.108,7540,816.161,0.108,0.018,0.373,22-5
1923,-1210344663,4,4,0.161,6242,1002.516,0.132,0.02,0.352,22-5
1348,-1295834941,4,23,0.126,9306,1171.935,0.094,0.012,0.488,22-5
1343,-724130375,4,4,0.172,3216,553.806,0.233,0.069,0.682,22-5
1348,1299400909,4,23,0.157,7923,1247.161,0.112,0.012,0.523,22-5
1343,-827219841,4,4,0.198,5716,1129.871,0.198,0.038,0.468,22-5
1343,-1266163107,4,4,0.284,12468,3536.968,0.278,0.031,0.272,22-5
1350,-1020463860,4,1,0.099,4362,430.871,0.099,0,0,22-5
1350,-973243124,4,3,0.163,3541,576.903,0.113,0.043,0.713,22-5
1923,1210484996,4,12,0.126,7739,977.71,0.123,0.036,1.059,22-5
1343,827219844,4,8,0.319,9850,3143.774,0.281,0.077,0.646,22-5
1350,1091979619,4,3,0.088,3861,340.161,0.102,0.012,0.216,22-5
1350,1091979508,4,4,0.205,1560,320.065,0.237,0.073,0.675,22-5
1343,-1203984673,4,8,0.239,11046,2634.645,0.265,0.063,0.71,22-5
1923,-1210344287,4,12,0.134,6059,814.774,0.142,0.044,1.164,22-5
1343,815682312,4,6,0.159,8942,1423.032,0.212,0.05,0.591,22-5
1324,115898952,4,1,0.103,1977,204.548,0.103,0,0,22-5
1324,1071199708,4,1,0.122,2417,293.71,0.122,0,0,22-5
1324,-1071199708,4,1,0.16,1820,291.645,0.16,0,0,22-5
1324,1209033465,4,2,0.084,1611,135.839,0.075,0.013,0.244,22-5
1324,-1209017157,4,1,0.135,1249,168.323,0.135,0,0,22-5
1324,1209017157,4,1,0.113,2219,251.355,0.113,0,0,22-5
1324,-115898952,4,1,0.141,2132,301.484,0.141,0,0,22-5
1324,-1202921417,4,3,0.233,1409,328.097,0.178,0.049,0.523,22-5
1378,-1309445147,4,8,0.042,14046,590.613,0.051,0.006,0.317,22-5
1378,1230187180,4,8,0.137,7351,1009.226,0.091,0.027,0.97,22-5
1378,867086535,4,12,0.129,3998,514.161,0.092,0.013,0.576,22-5
1934,1060796981,4,9,0.102,4410,448.29,0.063,0.018,0.924,22-5
1378,-1230099350,4,12,0.083,5171,430.032,0.093,0.017,0.592,22-5
1934,-1313953768,4,9,0.187,1673,313.677,0.16,0.031,0.613,22-5
1379,-90853916,4,1,0.26,3168,822.677,0.26,0,0,22-5
1379,1230188037,4,5,0.045,2237,101.516,0.037,0.009,0.48,22-5
1379,-1230187783,4,5,0.044,1920,84.71,0.06,0.013,0.469,22-5
1380,1228520442,4,3,0.092,6088,561.581,0.099,0.023,0.45,22-5
1380,-1228520226,4,3,0.229,1933,442.226,0.137,0.099,1.427,22-5
1380,-1228520171,4,3,0.18,1229,221.581,0.151,0.037,0.475,22-5
1380,1228520595,4,3,0.098,1209,118.548,0.084,0.021,0.46,22-5
1380,1228520661,4,4,0.004,1460,6.548,0.003,0.001,0.655,22-5
1380,-1228520334,4,4,0.006,1077,6.226,0.006,0.002,0.716,22-5
1351,-107248605,4,1,0.333,1686,561.323,0.333,0,0,22-5
1380,1228520198,4,3,0.196,2784,545.968,0.125,0.062,0.934,22-5
1380,-1228520727,4,5,0.105,5621,589.226,0.093,0.008,0.23,22-5
1361,-125434471,4,3,0.201,2468,495.161,0.126,0.065,0.895,22-5
1361,1236928007,4,3,0.215,2037,438.323,0.203,0.077,0.754,22-5
1361,-123369690,4,5,0.25,3752,939.516,0.172,0.049,0.724,22-5
1361,-1235222779,4,5,0.157,2703,423.29,0.148,0.054,0.944,22-5
1361,1264614337,4,5,0.29,1886,546.516,0.205,0.056,0.658,22-5
1361,1235221668,4,6,0.133,4924,655,0.085,0.028,0.876,22-5
1361,-123369698,4,6,0.134,3820,511,0.121,0.037,0.78,22-5
1361,123369700,4,5,0.159,3467,552.419,0.196,0.049,0.515,22-5
1932,1283339491,4,2,0.213,6046,1290.613,0.205,0.011,0.078,22-5
1933,90959976,4,2,0.084,3851,325.387,0.083,0.002,0.041,22-5
1933,-1186408116,4,2,0.135,2504,339.161,0.145,0.013,0.127,22-5
1932,-1186230345,4,3,0.142,5035,712.645,0.144,0.01,0.13,22-5
1933,-1219805937,4,10,0.068,5037,342.387,0.079,0.022,0.832,22-5
1933,1219806579,4,10,0.136,4397,596.355,0.108,0.027,0.77,22-5
1932,877795660,4,16,0.089,5737,509.194,0.101,0.011,0.358,22-5
1932,-1219917943,4,17,0.154,5299,814.452,0.118,0.017,0.504,22-5
1381,1121031630,4,2,0.111,7190,795.548,0.108,0.003,0.042,22-5
1381,1299006330,4,4,0.182,2631,479.226,0.185,0.043,0.52,22-5
1381,-1121031217,4,2,0.093,7566,700.355,0.102,0.013,0.184,22-5
1381,18598778,4,2,0.081,8763,706.742,0.121,0.057,0.667,22-5
1381,1201498930,4,4,0.297,1031,306.645,0.222,0.057,0.608,22-5
1381,-1121031215,4,2,0.131,11045,1444.806,0.128,0.004,0.043,22-5
1362,746249582,4,3,0.148,2541,377.032,0.14,0.007,0.101,22-5
1381,-1299005069,4,5,0.117,1500,175.484,0.137,0.013,0.262,22-5
1362,1235279155,4,3,0.15,2418,361.613,0.12,0.026,0.379,22-5
1362,-948457802,4,3,0.121,2826,342.742,0.122,0.003,0.055,22-5
1381,-1121033632,4,6,0.219,3760,821.806,0.16,0.032,0.596,22-5
1362,-123359760,4,3,0.093,3688,344.129,0.105,0.012,0.226,22-5
1363,-747103536,4,2,0.109,2725,297.581,0.15,0.057,0.542,22-5
1363,1123701544,4,2,0.105,6052,637.613,0.132,0.038,0.409,22-5
1363,-1183376480,4,2,0.141,7170,1013.645,0.132,0.014,0.146,22-5
1363,-1123701543,4,2,0.165,6159,1015.032,0.133,0.046,0.486,22-5
1363,1183376481,4,2,0.159,3647,578.677,0.156,0.003,0.031,22-5
1363,-98011533,4,6,0.131,6449,844.258,0.101,0.017,0.456,22-5
1941,-1228688191,4,2,0.148,12306,1816.097,0.169,0.03,0.25,22-5
1941,-1228688189,4,3,0.144,13999,2020.129,0.13,0.02,0.287,22-5
1363,1123701540,4,6,0.124,6188,768.871,0.112,0.016,0.384,22-5
1941,1306800085,4,3,0.07,3494,245.645,0.087,0.041,0.888,22-5
1941,1306800087,4,3,0.044,3591,156.355,0.081,0.06,1.322,22-5
1941,1228688295,4,2,0.134,12642,1689.806,0.158,0.035,0.312,22-5
1941,1306790738,4,3,0.02,4612,91.839,0.023,0.007,0.592,22-5
1941,1204425475,4,2,0.095,14457,1376.484,0.108,0.019,0.242,22-5
1941,865606517,4,2,0.072,16998,1216.29,0.081,0.013,0.225,22-5
1941,-865606518,4,3,0.113,17409,1966.839,0.097,0.015,0.295,22-5
1941,-1204291831,4,1,0.019,5609,107.194,0.019,0,0,22-5
1941,1306529472,4,3,0.09,4496,404.742,0.067,0.02,0.536,22-5
1941,1204282602,4,2,0.168,6499,1091.097,0.2,0.045,0.319,22-5
1941,-1197600846,4,3,0.193,8353,1611.774,0.159,0.033,0.408,22-5
1941,1306529451,4,2,0.007,8025,59.484,0.006,0.002,0.523,22-5
1941,101058909,4,1,0.049,6540,319.516,0.049,0,0,22-5
1941,-895140923,4,1,0.174,5072,881.29,0.174,0,0,22-5
1941,895140927,4,3,0.015,10256,157.581,0.01,0.005,0.927,22-5
1941,895140925,4,2,0.282,2923,823.29,0.288,0.009,0.045,22-5
1941,-114208579,4,3,0.028,4776,135.097,0.016,0.011,1.157,22-5
1941,-1306800247,4,2,0.104,4355,451.355,0.114,0.014,0.179,22-5
1941,-1228534433,4,3,0.143,8537,1224.194,0.133,0.035,0.504,22-5
1941,1085536045,4,4,0.115,5941,681.226,0.145,0.037,0.569,22-5
1941,-1204987432,4,2,0.128,6645,847.871,0.116,0.017,0.203,22-5
1939,1209705773,4,2,0.2,17842,3572,0.165,0.05,0.427,22-5
1939,-1209663262,4,4,0.132,16570,2182.839,0.154,0.024,0.353,22-5
1939,1209663246,4,4,0.143,16819,2412.968,0.161,0.023,0.303,22-5
1939,-1209357146,4,4,0.168,15022,2523.161,0.175,0.011,0.132,22-5
1936,-1313961862,4,3,0.084,7256,607.71,0.08,0.006,0.126,22-5
1936,1210015720,4,3,0.072,5448,391.581,0.086,0.013,0.291,22-5
1936,1313973347,4,8,0.085,4566,386.194,0.103,0.024,0.7,22-5
1938,1114331295,4,4,0.063,10275,647.806,0.054,0.037,1.496,22-5
1938,-1114331293,4,4,0.088,8574,755.71,0.051,0.038,1.724,22-5
1936,-110472573,4,8,0.09,5226,469.839,0.099,0.021,0.577,22-5
1937,123351764,4,2,0.2,4436,885.194,0.1,0.141,2,22-5
1937,-1314042698,4,3,0.133,5643,753.032,0.144,0.014,0.181,22-5
1937,1258704040,4,4,0.155,5744,889.032,0.134,0.014,0.241,22-5
1937,-98008086,4,4,0.125,4564,571.548,0.131,0.018,0.294,22-5
1353,1220711650,4,6,0.219,2475,541.097,0.188,0.022,0.331,22-5
1353,-716762647,4,7,0.208,3470,720.645,0.183,0.046,0.74,22-5
1353,-1220445634,4,6,0.177,2544,450.226,0.165,0.024,0.384,22-5
1353,1220443074,4,7,0.131,6326,831.645,0.098,0.027,0.65,22-5
1354,1208364296,4,3,0.214,15423,3302.452,0.199,0.027,0.241,22-5
1354,1269480338,4,5,0.099,4572,454.806,0.066,0.022,0.782,22-5
1354,1208022913,4,5,0.145,3372,489.613,0.148,0.017,0.292,22-5
1354,-1208020251,4,5,0.143,3909,560.387,0.144,0.017,0.315,22-5
1354,-1208022896,4,5,0.049,3499,172,0.061,0.018,0.715,22-5
1354,-914201995,4,2,0.271,12431,3366,0.237,0.048,0.288,22-5
1354,914204108,4,3,0.242,13978,3384.935,0.193,0.044,0.449,22-5
1353,-1178898942,4,15,0.165,4820,795.065,0.139,0.016,0.353,22-5
1353,-1308324366,4,15,0.154,4934,759.452,0.153,0.013,0.303,22-5
1383,-90853916,4,3,0.26,3168,822.677,0.241,0.018,0.153,22-5
1383,1230188430,4,3,0.253,3729,941.613,0.237,0.014,0.121,22-5
1940,1209442932,4,6,0.111,5485,610.645,0.098,0.027,0.785,22-5
1940,1209462690,4,6,0.086,5598,478.71,0.091,0.022,0.696,22-5
1940,1209461578,4,8,0.111,9692,1077.097,0.116,0.008,0.221,22-5
1940,-1297620963,4,8,0.119,9075,1080.097,0.116,0.009,0.211,22-5
1940,-1209464276,4,10,0.128,7716,986.323,0.11,0.016,0.455,22-5
1940,1291772482,4,10,0.12,8640,1037.452,0.102,0.013,0.373,22-5
1384,-1208420902,4,10,0.203,2012,408.806,0.198,0.013,0.219,22-5
1384,-1061358920,4,13,0.138,6031,831.29,0.092,0.016,0.674,22-5
1384,1269486984,4,13,0.131,4881,637.935,0.115,0.012,0.302,22-5
1349,1070315742,4,5,0.183,1427,260.452,0.193,0.036,0.443,22-5
1384,1269465164,4,10,0.162,4330,702.903,0.116,0.017,0.524,22-5
1945,1251681244,4,2,0.178,6346,1129.032,0.145,0.046,0.452,22-5
1945,-1251681241,4,2,0.324,3320,1074.097,0.327,0.005,0.022,22-5
1945,1251365981,4,2,0.255,2062,526.323,0.22,0.05,0.323,22-5
1945,1251261068,4,4,0.255,11189,2849.323,0.197,0.056,0.561,22-5
1945,-1251365978,4,2,0.222,2143,475.903,0.219,0.004,0.027,22-5
1945,-1212773852,4,4,0.169,11002,1862.71,0.209,0.043,0.416,22-5
1943,1281952270,4,2,0.097,34372,3349.806,0.077,0.029,0.531,22-5
1943,-1281952269,4,2,0.101,18491,1870.484,0.141,0.056,0.563,22-5
1945,-1251261064,4,8,0.134,12349,1658.645,0.146,0.022,0.492,22-5
1943,-1283465584,4,4,0.152,13056,1980.677,0.171,0.033,0.399,22-5
1943,1113963474,4,3,0.094,29575,2783.903,0.076,0.016,0.383,22-5
1945,836684974,4,8,0.192,7674,1476.903,0.211,0.025,0.362,22-5
1944,-995347544,4,5,0.138,2248,310.355,0.134,0.025,0.487,22-5
1944,1035091484,4,5,0.159,2737,435.548,0.121,0.03,0.62,22-5
1946,-1229987837,4,5,0.187,9635,1799.516,0.187,0.011,0.154,22-5
1946,1112181087,4,5,0.149,13078,1942.548,0.128,0.013,0.27,22-5
1946,-1231999564,4,14,0.128,12173,1558.935,0.132,0.013,0.398,22-5
1946,1269855356,4,14,0.141,11172,1579.387,0.137,0.013,0.392,22-5
1946,-741032089,4,21,0.288,2964,853.355,0.236,0.021,0.35,22-5
1946,1269863738,4,21,0.198,3357,665.194,0.169,0.013,0.271,22-5
1951,-1291856117,4,7,0.151,6096,919.613,0.127,0.015,0.34,22-5
1951,1209177710,4,7,0.155,6136,949.355,0.138,0.012,0.251,22-5
1951,-1231398299,4,13,0.14,4980,697.581,0.123,0.014,0.394,22-5
1948,1270065645,4,9,0.144,8536,1233.419,0.134,0.009,0.195,22-5
1948,-1270003239,4,9,0.144,7514,1080.613,0.152,0.01,0.213,22-5
1951,91004690,4,13,0.165,5161,849.548,0.144,0.016,0.35,22-5
1948,-1270003224,4,10,0.142,8622,1225.065,0.143,0.009,0.188,22-5
1948,1270003202,4,10,0.148,9820,1456,0.115,0.012,0.37,22-5
2136,-1187711117,4,9,0.264,2851,751.516,0.158,0.044,0.908,22-5
2136,1004871805,4,2,0.081,15490,1251.129,0.075,0.008,0.16,22-5
2136,-1229451451,4,2,0.047,21013,992.613,0.045,0.003,0.109,22-5
2136,1220491153,4,9,0.08,9005,723.258,0.054,0.018,0.86,22-5
1950,-925789641,4,8,0.13,4169,540.29,0.062,0.045,1.91,22-5
705,-1218237165,4,1,0,1337,0,0,0,0,22-5
1950,925789658,4,8,0.118,4431,525.032,0.041,0.034,2.66,22-5
705,-1217618241,4,3,0.122,14722,1792.29,0.126,0.015,0.236,22-5
705,1217805783,4,2,0.294,11135,3268.323,0.147,0.208,2,22-5
1950,1208782356,4,12,0.196,10106,1980.806,0.154,0.032,0.684,22-5
705,1217965777,4,3,0.123,20772,2561.323,0.109,0.012,0.195,22-5
1950,-1208721512,4,12,0.258,7976,2058.71,0.165,0.038,0.822,22-5
705,-1217974867,4,7,0.124,18059,2233.258,0.11,0.051,1.462,22-5
1950,-925789639,4,15,0.127,13026,1648.387,0.107,0.016,0.517,22-5
1950,98850546,4,16,0.28,4480,1252.355,0.192,0.031,0.655,22-5
705,-1218236207,4,5,0.115,22097,2548,0.113,0.03,0.676,22-5
1950,-1291814196,4,16,0.266,3723,988.613,0.227,0.023,0.339,22-5
1950,940784127,4,15,0.099,14204,1407.484,0.096,0.012,0.484,22-5
705,1218236295,4,8,0.055,19682,1072.806,0.055,0.002,0.133,22-5
705,-1310529923,4,9,0.081,12751,1033.516,0.069,0.006,0.28,22-5
705,1217965781,4,12,0.123,18533,2286.355,0.107,0.011,0.322,22-5
247,1120487817,4,4,0.171,3957,675.548,0.156,0.031,0.446,22-5
247,-1120487819,4,4,0.155,5027,779.613,0.145,0.011,0.174,22-5
1292,-98016726,4,6,0.274,3296,901.806,0.221,0.044,0.495,22-5
1292,98341270,4,6,0.197,3570,701.677,0.177,0.027,0.397,22-5
1292,718152424,4,6,0.144,5582,804.419,0.139,0.047,0.849,22-5
1292,-98016686,4,4,0.285,3173,904.419,0.214,0.085,0.763,22-5
1292,1205526540,4,5,0.135,6696,905.226,0.128,0.045,0.82,22-5
1292,1205521069,4,7,0.143,5543,789.935,0.131,0.023,0.499,22-5
1292,-98016683,4,5,0.149,7250,1082.161,0.12,0.019,0.416,22-5
1292,-1205526590,4,5,0.215,4280,919.355,0.174,0.062,0.822,22-5
1397,98619842,4,7,0.114,368,42.097,0.168,0.058,0.78,22-5
1397,-1209988289,4,4,0.143,2193,312.968,0.185,0.055,0.647,22-5
1387,862400875,4,1,0.092,14246,1305.742,0.092,0,0,22-5
1387,-862400875,4,1,0.154,15615,2402.161,0.154,0,0,22-5
1387,862400874,4,2,0.138,8745,1202.968,0.137,0.001,0.015,22-5
1387,-862400873,4,2,0.178,10672,1902.097,0.169,0.013,0.11,22-5
1387,-1201009103,4,5,0.094,12382,1166.097,0.086,0.01,0.296,22-5
1387,1201008367,4,5,0.089,9904,885.742,0.075,0.009,0.333,22-5
1387,1298951803,4,7,0.1,6461,645.419,0.104,0.009,0.247,22-5
1387,-1295432221,4,7,0.131,11910,1557.29,0.116,0.013,0.298,22-5
1385,103393299,4,4,0.075,1917,144.581,0.062,0.015,0.426,22-5
1385,-20054881,4,1,0.227,7302,1659.516,0.227,0,0,22-5
1385,20054881,4,1,0.285,6191,1765.129,0.285,0,0,22-5
1385,-718044481,4,7,0.05,1320,66.355,0.073,0.017,0.789,22-5
1385,-1228735822,4,1,0.265,5911,1569.226,0.265,0,0,22-5
1385,1228735822,4,1,0.213,6520,1388.774,0.213,0,0,22-5
1387,-1027273053,4,16,0.048,15132,727.065,0.036,0.005,0.534,22-5
1385,1228735848,4,7,0.088,1297,114.484,0.074,0.015,0.596,22-5
1385,-124646552,4,4,0.107,1685,180.935,0.075,0.027,0.721,22-5
1387,1295427682,4,16,0.161,3082,495.548,0.151,0.014,0.341,22-5
1416,-1229498444,4,2,0.046,3432,157.581,0.065,0.027,0.589,22-5
1416,-18861340,4,1,0.116,896,103.677,0.116,0,0,22-5
1416,98352724,4,3,0.195,490,95.484,0.128,0.077,1.174,22-5
1399,746822313,4,7,0.205,7328,1504.645,0.213,0.049,0.701,22-5
1399,-1208731679,4,7,0.262,4223,1104.323,0.242,0.059,0.61,22-5
1399,-1156087051,4,7,0.241,2288,550.323,0.235,0.065,0.785,22-5
1399,1208731525,4,7,0.247,2913,718.806,0.236,0.08,0.974,22-5
1416,-18880369,4,1,0.094,1339,125.871,0.094,0,0,22-5
1399,-1208731527,4,10,0.226,7160,1620.806,0.201,0.057,0.935,22-5
1416,-18880326,4,1,0.085,2030,173.226,0.085,0,0,22-5
1416,1207898304,4,4,0.063,4559,289.226,0.084,0.017,0.481,22-5
1416,98352726,4,5,0.11,3839,423.226,0.095,0.01,0.255,22-5
1416,-1238200707,4,4,0.115,4045,465.839,0.091,0.016,0.396,22-5
1416,-1238203445,4,1,0.086,3764,324.452,0.086,0,0,22-5
1416,1238203445,4,1,0.078,3569,277.871,0.078,0,0,22-5
1416,-18880367,4,4,0.078,3641,284.677,0.076,0.006,0.169,22-5
1416,1238200723,4,4,0.084,3976,333.871,0.076,0.006,0.163,22-5
1416,-1207243801,4,4,0.089,5657,500.645,0.07,0.013,0.462,22-5
1433,1199052171,4,4,0.081,10299,837.129,0.072,0.018,0.506,22-5
1433,104522262,4,4,0.093,9141,848.516,0.064,0.02,0.697,22-5
1432,-1119863585,4,4,0.306,1792,548.387,0.129,0.146,2.301,22-5
1432,1119863575,4,4,0.167,3694,616.548,0.128,0.027,0.461,22-5
1432,-1223000408,4,4,0.097,3135,302.806,0.103,0.007,0.134,22-5
2161,1290418883,4,5,0.159,2083,330.29,0.175,0.016,0.202,22-5
2161,-1227089842,4,5,0.069,4565,312.71,0.063,0.009,0.372,22-5
1417,18862426,4,1,0.051,3948,201.613,0.051,0,0,22-5
2161,1215947781,4,6,0.25,812,202.871,0.238,0.011,0.127,22-5
1417,18862420,4,1,0.041,2940,120.29,0.041,0,0,22-5
2161,-1187177558,4,6,0.215,1127,242.226,0.204,0.015,0.166,22-5
1417,-18862430,4,2,0.146,3009,440.129,0.117,0.042,0.508,22-5
2161,1186941473,4,5,0.073,5058,370.419,0.06,0.009,0.419,22-5
1417,1259963109,4,2,0.111,1913,211.387,0.121,0.015,0.174,22-5
1400,-1208879125,4,5,0.239,4885,1167.194,0.192,0.07,0.897,22-5
1400,-1297699930,4,4,0.187,11412,2137.161,0.188,0.027,0.345,22-5
1400,1156911091,4,5,0.341,7789,2656.355,0.319,0.055,0.438,22-5
1400,1208879110,4,6,0.184,5895,1086.645,0.154,0.018,0.307,22-5
1400,-1208879151,4,7,0.121,7474,904.839,0.126,0.007,0.15,22-5
1434,1020360372,4,3,0.285,9200,2622.516,0.263,0.036,0.242,22-5
1434,124526049,4,2,0.309,16953,5233,0.256,0.075,0.415,22-5
1434,-105193182,4,1,0.142,6591,935.226,0.142,0,0,22-5
1434,104921032,4,3,0.272,9433,2570.258,0.234,0.034,0.263,22-5
1434,-123789049,4,2,0.215,16565,3567.226,0.242,0.038,0.222,22-5
1434,109046020,4,4,0.215,14221,3051.484,0.192,0.033,0.376,22-5
1434,105193182,4,1,0.082,8151,671.484,0.082,0,0,22-5
1400,-1208879111,4,9,0.292,11363,3323.581,0.238,0.026,0.371,22-5
1434,1020360370,4,5,0.222,6504,1441.258,0.159,0.04,0.616,22-5
1400,1208879128,4,9,0.105,25438,2669.032,0.108,0.007,0.203,22-5
1434,-104921028,4,6,0.328,8738,2862.129,0.243,0.049,0.519,22-5
1434,-123788952,4,4,0.245,15504,3796.097,0.188,0.046,0.592,22-5
1434,-109043157,4,5,0.186,7584,1409.774,0.148,0.033,0.511,22-5
1388,-1212704983,4,4,0.226,12651,2864.194,0.213,0.047,0.504,22-5
1388,1212850003,4,4,0.123,5193,640.903,0.09,0.026,0.675,22-5
1388,-1290777494,4,4,0.123,3701,455.774,0.091,0.024,0.617,22-5
1388,1212704177,4,2,0.221,11397,2521.355,0.221,0,0.001,22-5
1388,-1212707599,4,4,0.264,7935,2096.258,0.239,0.049,0.437,22-5
1434,104921022,4,6,0.267,9894,2642.548,0.222,0.044,0.403,22-5
1388,1212702115,4,4,0.211,10019,2112.29,0.227,0.026,0.252,22-5
1388,-1212799129,4,7,0.215,2881,618.516,0.204,0.022,0.293,22-5
2130,-101074260,4,4,0.107,2209,235.774,0.073,0.025,0.781,22-5
2130,1170759335,4,4,0.068,3032,206.323,0.057,0.019,0.731,22-5
2130,-1070603088,4,3,0.331,1454,481.871,0.236,0.086,0.713,22-5
1388,-1191466146,4,7,0.102,5046,517.161,0.097,0.011,0.355,22-5
2130,-1204402105,4,3,0.156,2402,375.065,0.152,0.023,0.298,22-5
2130,101074226,4,3,0.058,5782,334.323,0.06,0.021,0.714,22-5
2130,1204400894,4,3,0.128,2259,288.645,0.141,0.019,0.244,22-5
2130,-1128731698,4,4,0.116,2221,258.323,0.116,0.02,0.426,22-5
1419,-940881746,4,4,0.174,8685,1508.871,0.186,0.033,0.418,22-5
1419,1208901568,4,4,0.178,9261,1650.935,0.199,0.037,0.397,22-5
1419,-1208901656,4,7,0.183,9831,1797.516,0.188,0.02,0.299,22-5
1419,1208863560,4,7,0.29,7379,2136.935,0.246,0.032,0.336,22-5
1423,-1309142026,4,6,0.198,4256,840.581,0.244,0.045,0.516,22-5
1423,1220130531,4,5,0.212,4710,997.097,0.243,0.037,0.384,22-5
1423,1309147693,4,6,0.171,5038,863.871,0.215,0.034,0.464,22-5
1423,-1194901686,4,5,0.336,3218,1079.968,0.299,0.045,0.344,22-5
1390,1264654979,4,8,0.12,9542,1148.677,0.097,0.01,0.322,22-5
1403,-1209427811,4,6,0.128,10657,1365.323,0.128,0.024,0.547,22-5
1390,1035502255,4,8,0.082,11972,980.742,0.083,0.005,0.188,22-5
1403,31409887,4,7,0.07,10781,757.419,0.093,0.03,0.858,22-5
1403,940793956,4,6,0.118,9991,1178.581,0.112,0.014,0.342,22-5
1424,-1066978330,4,2,0.012,602,6.968,0.111,0.141,1.792,22-5
1390,1283483384,4,10,0.095,10720,1017.29,0.096,0.016,0.489,22-5
1390,-1264654984,4,11,0.105,12654,1324.581,0.09,0.013,0.439,22-5
1424,-1066978328,4,2,0.023,685,15.871,0.013,0.015,1.598,22-5
1403,-1154991224,4,6,0.111,11361,1256.161,0.102,0.015,0.387,22-5
1421,-1220145334,4,3,0.297,2930,871.161,0.258,0.053,0.387,22-5
1421,1220148504,4,2,0.2,24430,4896.419,0.184,0.024,0.184,22-5
1421,-1220146919,4,4,0.209,16396,3418.968,0.23,0.042,0.385,22-5
1421,1220145428,4,3,0.346,1536,531.516,0.365,0.017,0.089,22-5
1424,1220039687,4,9,0.162,3397,549.032,0.175,0.023,0.351,22-5
1421,-1220146254,4,5,0.214,1530,326.839,0.199,0.022,0.257,22-5
1424,1220047716,4,9,0.217,2592,561.839,0.132,0.037,0.97,22-5
1421,1149857595,4,5,0.285,1892,539.29,0.202,0.052,0.628,22-5
1421,-1220147361,4,10,0.19,14230,2702.419,0.173,0.027,0.477,22-5
1421,1220152252,4,8,0.211,10205,2155.935,0.249,0.043,0.464,22-5
1429,716419163,4,2,0.132,8122,1075.097,0.15,0.025,0.239,22-5
1429,123552361,4,2,0.218,6344,1383.065,0.186,0.046,0.348,22-5
1429,716419181,4,2,0.163,7982,1298.323,0.157,0.008,0.07,22-5
1427,1012106320,4,10,0.098,6439,627.935,0.07,0.018,0.821,22-5
1427,-1012033007,4,10,0.13,4981,646.871,0.07,0.022,1.121,22-5
1427,-1310392930,4,12,0.074,7525,559.097,0.077,0.007,0.301,22-5
1427,1216897927,4,12,0.081,9098,735.742,0.068,0.007,0.303,22-5
1427,-1012106317,4,14,0.1,13255,1323.903,0.068,0.011,0.67,22-5
1425,-1213984361,4,5,0.2,5445,1088.032,0.201,0.014,0.17,22-5
1427,1012453352,4,14,0.083,14707,1226.581,0.062,0.01,0.576,22-5
1425,1229606082,4,5,0.13,11083,1438.839,0.108,0.014,0.352,22-5
1426,1209482649,4,5,0.063,14220,897.355,0.064,0.002,0.103,22-5
1441,1178884402,4,5,0.103,2368,243.129,0.074,0.017,0.63,22-5
1441,-24861291,4,5,0.178,3879,688.677,0.133,0.031,0.568,22-5
1426,-1290812940,4,5,0.097,10894,1054.194,0.093,0.007,0.153,22-5
1425,1213982110,4,12,0.171,9859,1686.323,0.139,0.019,0.413,22-5
1425,-19983584,4,12,0.211,5886,1239.29,0.208,0.03,0.49,22-5
1426,-1194474065,4,11,0.071,13379,954.097,0.067,0.004,0.16,22-5
1426,32014236,4,11,0.1,10216,1018.935,0.087,0.006,0.207,22-5
1440,-1251738573,4,1,0.063,12671,796.548,0.063,0,0,22-5
1441,-1281646310,4,10,0.121,4584,554.065,0.121,0.017,0.384,22-5
1441,24861344,4,10,0.142,6786,960.677,0.098,0.02,0.674,22-5
1440,1281679175,4,7,0.106,6766,715.774,0.108,0.003,0.093,22-5
1440,-1182000070,4,14,0.168,7012,1175.71,0.15,0.013,0.26,22-5
1440,1234092038,4,14,0.119,9152,1090.516,0.115,0.008,0.23,22-5
1392,1194244522,4,5,0.095,12277,1167,0.107,0.014,0.338,22-5
1392,-1194244632,4,5,0.112,17237,1929.581,0.081,0.018,0.529,22-5
1430,104500373,4,1,0.203,5029,1022.839,0.203,0,0,22-5
1430,104500374,4,1,0.263,3848,1011.935,0.263,0,0,22-5
1430,-104500373,4,1,0.204,4552,928.935,0.204,0,0,22-5
1430,-104500374,4,1,0.286,3644,1041.71,0.286,0,0,22-5
1430,104803791,4,1,0.027,5347,144.387,0.027,0,0,22-5
1430,-104803791,4,1,0.039,3851,149.871,0.039,0,0,22-5
1430,114437515,4,5,0.154,1776,274.29,0.234,0.093,1.015,22-5
1392,1293379464,4,12,0.121,20887,2525.161,0.096,0.01,0.449,22-5
1392,-1111282996,4,12,0.105,22260,2341.677,0.087,0.01,0.421,22-5
1446,1215398550,4,7,0.109,1405,153.839,0.106,0.021,0.608,22-5
1446,-1228236839,4,7,0.132,1745,231,0.106,0.025,0.529,22-5
1408,1056474952,4,4,0.116,16465,1907.452,0.103,0.01,0.237,22-5
1408,-1056474968,4,4,0.097,17433,1683.452,0.093,0.004,0.097,22-5
1431,-1199452096,4,6,0.043,3565,154.581,0.137,0.062,1.387,22-5
1437,-1237831368,4,3,0.101,12566,1265.258,0.091,0.011,0.228,22-5
1437,-1237831361,4,1,0.09,17686,1597.419,0.09,0,0,22-5
1408,-1291649216,4,15,0.086,16537,1427.29,0.084,0.004,0.208,22-5
1437,1238877133,4,2,0.06,17111,1021.742,0.055,0.006,0.165,22-5
1437,811313316,4,3,0.089,15200,1358.323,0.079,0.011,0.267,22-5
1408,1291648823,4,17,0.097,15619,1511.774,0.091,0.006,0.236,22-5
1450,1179449119,4,5,0.291,1371,399,0.231,0.053,0.535,22-5
1450,-1309608084,4,5,0.172,1734,297.387,0.128,0.027,0.564,22-5
1450,1192062918,4,6,0.124,1769,220.161,0.141,0.035,0.671,22-5
1450,-1300255569,4,6,0.268,1432,384.323,0.193,0.057,0.628,22-5
1448,1232733555,4,6,0.148,1201,178.258,0.129,0.062,1.287,22-5
1448,125381075,4,5,0.337,468,157.581,0.261,0.078,0.657,22-5
1448,-1232687632,4,5,0.124,734,91.194,0.163,0.028,0.44,22-5
1448,18578123,4,6,0.147,1541,226.71,0.13,0.052,1.083,22-5
1409,1208948563,4,3,0.294,4293,1263.194,0.302,0.014,0.082,22-5
1409,1208948543,4,4,0.314,7073,2224.323,0.29,0.024,0.185,22-5
1409,-1245369776,4,4,0.242,6594,1595,0.244,0.014,0.132,22-5
1409,-1208948556,4,8,0.295,4640,1369.903,0.248,0.028,0.316,22-5
1452,-1209794883,4,3,0.124,5932,737.452,0.123,0.011,0.175,22-5
1409,1291816745,4,8,0.276,5467,1510.032,0.277,0.028,0.324,22-5
1452,-1265739763,4,5,0.025,10604,264.452,0.032,0.008,0.587,22-5
1452,1000338846,4,3,0.121,8316,1004.323,0.105,0.014,0.246,22-5
1452,-1000338840,4,5,0.142,4171,593.806,0.129,0.018,0.326,22-5
1452,1231026788,4,4,0.12,6321,759.677,0.096,0.02,0.43,22-5
1452,1209891940,4,9,0.073,7424,538.968,0.077,0.012,0.461,22-5
1452,1000410160,4,4,0.101,2964,299.484,0.102,0.01,0.215,22-5
1452,-765321071,4,9,0.079,10960,860.871,0.055,0.011,0.679,22-5
1410,1209266391,4,4,0.179,4604,825.097,0.147,0.025,0.389,22-5
1410,-31399789,4,4,0.136,3442,467.903,0.139,0.01,0.164,22-5
1410,-1209266399,4,9,0.19,2740,520.645,0.167,0.018,0.294,22-5
1453,-1209989168,4,3,0.132,1743,229.29,0.126,0.027,0.414,22-5
1410,1267549769,4,9,0.163,3427,558.097,0.134,0.022,0.434,22-5
1453,-1209989182,4,7,0.098,17602,1726.774,0.094,0.009,0.28,22-5
1395,1110136412,4,3,0.296,5612,1659.613,0.226,0.063,0.545,22-5
1453,-115730817,4,8,0.242,12748,3089.806,0.166,0.035,0.657,22-5
1453,1209989165,4,8,0.118,17325,2048.581,0.131,0.019,0.463,22-5
1453,1297764898,4,7,0.18,14292,2572.871,0.137,0.02,0.432,22-5
1395,-781657568,4,3,0.184,6371,1173.419,0.19,0.018,0.18,22-5
1439,-727973384,4,4,0.125,13254,1657.129,0.137,0.016,0.209,22-5
1439,1234676627,4,4,0.095,13265,1266.484,0.084,0.01,0.241,22-5
1439,-1251387741,4,4,0.102,10898,1109.387,0.097,0.004,0.094,22-5
1439,127733613,4,4,0.094,10353,971.613,0.098,0.003,0.077,22-5
1454,1278143018,4,13,0.218,1869,407.613,0.26,0.048,0.539,22-5
1412,123895378,4,6,0.249,9268,2304.839,0.156,0.047,0.826,22-5
1412,-1209306964,4,6,0.113,12593,1426.258,0.121,0.032,0.753,22-5
1412,1209306967,4,9,0.103,13447,1379.516,0.097,0.016,0.56,22-5
1454,-1114892737,4,12,0.09,4338,388.516,0.109,0.018,0.456,22-5
1449,829506683,4,2,0.196,4648,910.129,0.205,0.012,0.085,22-5
1449,-1122396091,4,3,0.215,2685,578.194,0.202,0.012,0.105,22-5
1449,1122395073,4,3,0.098,5852,575.774,0.099,0.009,0.19,22-5
1449,90773804,4,4,0.122,3479,423.806,0.128,0.015,0.245,22-5
1449,-90773808,4,4,0.16,3667,588.484,0.124,0.025,0.428,22-5
1412,-123893923,4,9,0.136,12865,1753,0.095,0.017,0.592,22-5
1455,90720742,4,2,0.197,2817,555.161,0.188,0.013,0.1,22-5
1455,-1244724541,4,3,0.138,3172,438.645,0.15,0.022,0.261,22-5
1455,-108774619,4,3,0.147,2979,438.935,0.094,0.047,0.902,22-5
1455,-108774627,4,3,0.182,4068,740.452,0.124,0.069,1.08,22-5
1455,124631874,4,3,0.099,2030,200.161,0.124,0.056,0.818,22-5
1455,853193853,4,4,0.206,1502,308.806,0.268,0.068,0.474,22-5
1455,-1244712771,4,3,0.241,2208,532.806,0.261,0.051,0.367,22-5
1173,1020334806,4,6,0.247,3128,771.968,0.177,0.038,0.599,22-5
1173,848325099,4,4,0.147,8642,1267.548,0.159,0.021,0.274,22-5
1173,1217022221,4,5,0.148,8538,1263.226,0.139,0.009,0.158,22-5
1173,1216999842,4,11,0.348,2545,884.484,0.195,0.057,0.977,22-5
1173,-1020334800,4,11,0.166,5408,896.71,0.131,0.022,0.519,22-5
1173,1216995510,4,11,0.227,4079,924.452,0.186,0.025,0.394,22-5
1457,-1209375150,4,7,0.152,9374,1422.258,0.132,0.045,0.969,22-5
1457,124167909,4,8,0.134,7912,1058.774,0.165,0.031,0.592,22-5
1173,-848331132,4,12,0.179,3540,632.71,0.136,0.037,0.905,22-5
1457,-1291814730,4,7,0.112,6992,786.323,0.137,0.038,0.76,22-5
1457,1297625637,4,8,0.201,4728,952.677,0.141,0.058,1.125,22-5
1471,736370657,4,5,0.318,5768,1836.742,0.262,0.07,0.661,22-5
1471,-1199464096,4,5,0.177,7821,1387.226,0.191,0.024,0.277,22-5
1469,-24857483,4,1,0.087,11321,980.226,0.087,0,0,22-5
1469,1180064933,4,3,0.119,7822,927.452,0.128,0.01,0.157,22-5
1469,-1180069084,4,4,0.118,14745,1743.29,0.113,0.006,0.129,22-5
1469,-1154995203,4,9,0.113,5933,671.387,0.091,0.019,0.538,22-5
1469,-1233650609,4,8,0.043,17819,764.161,0.035,0.004,0.36,22-5
1469,-1251581953,4,6,0.267,2025,540.323,0.263,0.023,0.244,22-5
1469,1180066879,4,8,0.142,3266,463.258,0.121,0.024,0.573,22-5
1469,1180058950,4,8,0.07,10598,740.194,0.056,0.007,0.368,22-5
1469,-1180238066,4,2,0.142,6887,976.742,0.15,0.012,0.109,22-5
1469,-127770671,4,2,0.176,4977,876.806,0.151,0.036,0.335,22-5
1469,1180244086,4,6,0.057,12365,699.387,0.045,0.009,0.456,22-5
1469,1180056238,4,9,0.101,7305,735.516,0.088,0.015,0.625,22-5
1469,-1000787418,4,7,0.084,3066,256.613,0.105,0.024,0.668,22-5
2144,-1220803138,4,2,0.128,2444,313.419,0.138,0.014,0.144,22-5
2144,-1220802888,4,1,0.114,1402,159.613,0.114,0,0,22-5
1463,-1250124458,4,11,0.218,12729,2779.161,0.133,0.031,0.849,22-5
2144,1220802947,4,1,0.32,1229,393.452,0.32,0,0,22-5
1463,1250129584,4,11,0.138,11491,1588.71,0.128,0.015,0.402,22-5
2144,-1220804179,4,5,0.063,4213,263.806,0.066,0.013,0.517,22-5
1463,1214091629,4,10,0.145,23742,3438.355,0.133,0.031,0.667,22-5
2144,1220804584,4,5,0.306,1168,356.903,0.266,0.028,0.299,22-5
1463,773014325,4,10,0.235,18086,4250.226,0.146,0.039,0.848,22-5
1463,-1250249669,4,10,0.148,17704,2628.581,0.141,0.023,0.49,22-5
1463,-1241759140,4,10,0.214,22134,4728.903,0.14,0.039,0.784,22-5
1456,-1262980622,4,4,0.122,2189,266.194,0.219,0.127,1.264,22-5
1456,-1262980636,4,9,0.25,2904,725.516,0.24,0.045,0.624,22-5
1456,1186886509,4,9,0.135,3925,529.613,0.172,0.03,0.466,22-5
1467,1230552464,4,7,0.16,8532,1367.29,0.152,0.013,0.256,22-5
1467,-1297315425,4,7,0.153,9495,1449.71,0.142,0.011,0.18,22-5
1467,1227797487,4,9,0.191,7419,1420.29,0.156,0.021,0.396,22-5
1466,-835985291,4,3,0.104,10608,1105.387,0.089,0.014,0.307,22-5
1467,-929460214,4,11,0.127,8701,1102.968,0.133,0.01,0.241,22-5
1466,1262928997,4,5,0.088,18233,1601.548,0.07,0.012,0.454,22-5
1466,-1241640664,4,14,0.108,7856,845.935,0.103,0.011,0.37,22-5
1466,1192462761,4,15,0.08,10263,821.29,0.101,0.013,0.435,22-5
1479,-811831714,4,3,0.299,9680,2893.548,0.257,0.038,0.28,22-5
1479,-1156191510,4,2,0.346,5521,1908.387,0.303,0.061,0.283,22-5
1479,1156191511,4,2,0.275,5260,1447.419,0.282,0.01,0.052,22-5
1478,1073636857,4,3,0.055,2176,119.097,0.043,0.013,0.592,22-5
1478,-1156823884,4,3,0.013,5590,73,0.01,0.003,0.619,22-5
1478,-777917747,4,3,0.124,3210,397.806,0.104,0.028,0.489,22-5
1478,1156823882,4,3,0.115,2827,323.806,0.129,0.012,0.186,22-5
1486,105983284,4,2,0.229,1594,365.581,0.272,0.06,0.312,22-5
1486,-1159303039,4,3,0.227,2280,517.065,0.217,0.044,0.399,22-5
1459,825655657,4,4,0.144,3674,530.194,0.134,0.017,0.264,22-5
1459,-1297997632,4,4,0.13,3625,472.258,0.109,0.016,0.338,22-5
1486,-1314280085,4,8,0.241,1179,283.677,0.227,0.044,0.556,22-5
1459,825551422,4,4,0.105,22550,2365.097,0.093,0.019,0.46,22-5
1459,-825655661,4,7,0.118,4937,580.452,0.129,0.016,0.339,22-5
1486,1159300801,4,9,0.259,1282,332.129,0.181,0.041,0.675,22-5
1459,-825658962,4,5,0.126,19233,2427.806,0.105,0.016,0.432,22-5
1459,-1209346013,4,4,0.085,22033,1874.194,0.098,0.018,0.406,22-5
1459,762994741,4,5,0.107,19166,2051.871,0.092,0.013,0.398,22-5
1459,1240658568,4,7,0.118,6795,804.065,0.096,0.015,0.384,22-5
2145,1220802947,4,1,0.32,1229,393.452,0.32,0,0,22-5
2145,-1220803138,4,2,0.128,2444,313.419,0.138,0.014,0.144,22-5
2145,-1220802888,4,1,0.114,1402,159.613,0.114,0,0,22-5
2145,-1220804179,4,5,0.063,4213,263.806,0.066,0.013,0.517,22-5
2145,1220804584,4,5,0.306,1168,356.903,0.266,0.028,0.299,22-5
1465,1120123520,4,5,0.197,2174,427.258,0.183,0.062,0.806,22-5
1485,1129960505,4,3,0.191,2022,387.161,0.16,0.038,0.465,22-5
1485,1129960508,4,3,0.251,1736,435.419,0.217,0.033,0.301,22-5
1485,1159312606,4,3,0.175,3175,554.29,0.152,0.022,0.284,22-5
1485,1056163399,4,3,0.192,1643,316.226,0.146,0.04,0.497,22-5
1465,-1121226660,4,8,0.33,1669,551.161,0.391,0.045,0.307,22-5
1490,1158164616,4,8,0.074,6345,470.871,0.06,0.011,0.525,22-5
1490,-1262925016,4,7,0.07,4906,343.806,0.059,0.009,0.422,22-5
1460,1057979684,4,4,0.136,20858,2841.194,0.132,0.014,0.222,22-5
1460,-1245903963,4,8,0.14,17845,2501.677,0.136,0.011,0.235,22-5
1460,-1209547849,4,7,0.176,13858,2433,0.178,0.021,0.341,22-5
1460,1058232547,4,7,0.224,14347,3210.419,0.164,0.032,0.523,22-5
1460,-1057979687,4,11,0.182,20885,3810.839,0.139,0.018,0.464,22-5
1477,-105198284,4,4,0.107,16143,1726,0.126,0.016,0.296,22-5
1460,-1209553914,4,12,0.219,14775,3228.645,0.168,0.028,0.495,22-5
1460,1230899635,4,12,0.15,12918,1934.839,0.173,0.018,0.278,22-5
1477,-915501790,4,3,0.148,11100,1639.258,0.126,0.021,0.332,22-5
1477,915501789,4,3,0.149,13014,1937.71,0.127,0.02,0.311,22-5
1477,1159151447,4,4,0.152,14816,2251.097,0.125,0.024,0.474,22-5
1460,1230731916,4,15,0.146,17625,2575.677,0.157,0.013,0.329,22-5
1492,1277416513,4,6,0.213,2642,562.226,0.173,0.037,0.447,22-5
1492,-840272436,4,6,0.165,3574,589.968,0.115,0.034,0.681,22-5
1111,737246101,4,2,0.13,10999,1433.29,0.095,0.05,0.74,22-5
1111,-736433978,4,2,0.081,8260,665.161,0.128,0.068,0.745,22-5
1493,-1309527164,4,4,0.302,1139,343.419,0.214,0.06,0.598,22-5
1493,1244052634,4,4,0.163,1365,222.258,0.159,0.036,0.53,22-5
1525,-1209987248,4,5,0.269,7182,1935.29,0.375,0.087,0.547,22-5
1525,1210111235,4,4,0.122,16664,2030.935,0.135,0.03,0.468,22-5
1523,-1297363363,4,5,0.093,1452,135.677,0.096,0.011,0.268,22-5
1523,-1209428320,4,5,0.143,1554,221.806,0.092,0.028,0.722,22-5
1523,-1291785327,4,10,0.09,3826,343.71,0.071,0.009,0.452,22-5
1523,1154992195,4,12,0.113,17366,1955.774,0.084,0.011,0.514,22-5
1523,1209428345,4,10,0.138,3552,491.581,0.083,0.022,0.915,22-5
1523,-1297360811,4,12,0.107,15365,1644.355,0.084,0.01,0.417,22-5
1521,724729969,4,1,0.301,1786,538.452,0.301,0,0,22-5
1523,-1229143068,4,13,0.118,11967,1416.774,0.113,0.009,0.32,22-5
1523,999582922,4,13,0.103,19260,1982.548,0.077,0.009,0.428,22-5
1521,724762874,4,1,0.261,6351,1656.161,0.261,0,0,22-5
1521,-724762874,4,1,0.259,5860,1520.065,0.259,0,0,22-5
1521,724729965,4,1,0.276,3073,849.581,0.276,0,0,22-5
1521,1064461051,4,4,0.14,4995,700.903,0.212,0.087,0.903,22-5
1521,-1067459701,4,4,0.242,3523,851.935,0.316,0.12,0.844,22-5
1527,123897213,4,5,0.108,15184,1641.29,0.11,0.02,0.478,22-5
1527,-1297307951,4,5,0.106,16638,1759.903,0.103,0.026,0.641,22-5
1527,1209317273,4,3,0.101,18296,1851.032,0.116,0.025,0.375,22-5
1527,-1209366031,4,9,0.084,14960,1263.839,0.099,0.027,0.812,22-5
1526,98864082,4,4,0.173,16595,2873.097,0.142,0.035,0.52,22-5
1526,-1166619533,4,4,0.216,6032,1305.903,0.204,0.02,0.209,22-5
1527,98814820,4,8,0.218,6468,1412.677,0.125,0.058,1.377,22-5
1527,-1231418396,4,8,0.114,6014,683.871,0.163,0.049,0.862,22-5
1526,-1119353374,4,4,0.155,17008,2632.484,0.154,0.032,0.466,22-5
1526,1119348535,4,4,0.22,6743,1482.484,0.187,0.025,0.304,22-5
1531,-1255614563,4,3,0.071,11123,788.645,0.075,0.009,0.217,22-5
1531,1218193340,4,5,0.004,5574,23.258,0.006,0.002,0.979,22-5
1531,1255473142,4,7,0.153,5638,864.355,0.148,0.021,0.438,22-5
1531,1218129180,4,6,0.11,8487,932.71,0.1,0.013,0.357,22-5
1526,91126587,4,12,0.21,12628,2648.258,0.197,0.042,0.645,22-5
1526,1247580013,4,12,0.158,15790,2500.581,0.158,0.029,0.636,22-5
1530,98655182,4,2,0.039,3349,129.581,0.046,0.01,0.31,22-5
1530,-98655158,4,1,0.1,6214,620.419,0.1,0,0,22-5
1530,-1034153458,4,2,0.16,1212,194.387,0.129,0.045,0.489,22-5
1530,98655158,4,1,0.145,5355,774.581,0.145,0,0,22-5
1530,-98846014,4,1,0.095,6510,617.355,0.095,0,0,22-5
1530,98846014,4,1,0.13,6010,782.774,0.13,0,0,22-5
1531,1237672288,4,16,0.094,9255,872.742,0.097,0.01,0.332,22-5
1531,-24786631,4,17,0.096,10262,983.387,0.085,0.01,0.402,22-5
1502,1178047608,4,8,0.229,1624,371.129,0.135,0.076,1.253,22-5
1503,1291860448,4,10,0.112,10036,1125.581,0.118,0.012,0.326,22-5
1502,-1178517260,4,8,0.138,2211,304.258,0.142,0.041,0.762,22-5
1518,-1291810524,4,5,0.168,7028,1183.71,0.248,0.085,0.896,22-5
1503,-1178591317,4,14,0.165,8055,1331.645,0.107,0.03,0.942,22-5
1510,-111988527,4,1,0.178,8471,1509.29,0.178,0,0,22-5
1510,111988524,4,1,0.173,8041,1390.742,0.173,0,0,22-5
1510,-111982955,4,1,0.204,11024,2248.129,0.204,0,0,22-5
1510,111982955,4,1,0.23,10985,2527.29,0.23,0,0,22-5
1510,111988350,4,1,0.184,8991,1658.032,0.184,0,0,22-5
1510,111988331,4,2,0.207,11308,2340.065,0.195,0.017,0.126,22-5
1510,-107412226,4,1,0.129,11596,1493.71,0.129,0,0,22-5
1508,1209320827,4,7,0.263,2053,539.903,0.203,0.097,1.405,22-5
1510,-107412224,4,2,0.184,12698,2336.871,0.18,0.005,0.039,22-5
1524,-1165246653,4,3,0.204,3839,784.839,0.291,0.13,0.81,22-5
1520,-91105201,4,1,0.218,2283,497,0.218,0,0,22-5
1520,23367353,4,2,0.154,3042,468.258,0.143,0.015,0.149,22-5
1524,-27603901,4,5,0.331,4663,1545.226,0.304,0.065,0.436,22-5
1528,-925950481,4,1,0.229,2162,496.097,0.229,0,0,22-5
1528,925950481,4,1,0.247,2103,520.129,0.247,0,0,22-5
1528,1245233315,4,3,0.342,7153,2445.742,0.252,0.078,0.579,22-5
1528,-1245233313,4,3,0.173,8693,1501.935,0.206,0.049,0.435,22-5
1520,1209702968,4,8,0.263,1446,380.968,0.211,0.026,0.383,22-5
1520,-1231877171,4,8,0.158,1397,220.065,0.188,0.039,0.628,22-5
1519,115713685,4,1,0.123,998,122.258,0.123,0,0,22-5
1519,-115713685,4,1,0.18,790,142.29,0.18,0,0,22-5
1519,-115713704,4,6,0.297,1100,326.484,0.23,0.076,0.798,22-5
1519,-1208964355,4,5,0.255,7346,1872.355,0.187,0.052,0.612,22-5
1519,98846514,4,5,0.153,10069,1542.032,0.119,0.032,0.533,22-5
1519,1245203183,4,5,0.114,9047,1035.29,0.145,0.03,0.444,22-5
1519,1291814422,4,6,0.217,1451,315.226,0.171,0.066,0.959,22-5
1519,-98846516,4,5,0.258,6966,1795.323,0.192,0.052,0.638,22-5
1528,-1208729241,4,12,0.28,4178,1168.355,0.286,0.059,0.702,22-5
1513,-111990669,4,4,0.167,7431,1241.742,0.159,0.009,0.117,22-5
1513,1227903809,4,6,0.112,11547,1296,0.098,0.017,0.423,22-5
1528,901311921,4,12,0.332,5529,1833.355,0.216,0.045,0.73,22-5
1513,111990665,4,4,0.197,9324,1839.871,0.16,0.025,0.334,22-5
1513,-107410222,4,6,0.167,6261,1045.548,0.153,0.026,0.443,22-5
1481,106120113,4,2,0.245,2096,514.419,0.278,0.046,0.233,22-5
1481,122620376,4,4,0.195,5730,1117.129,0.196,0.037,0.447,22-5
1481,122620118,4,4,0.21,3844,807.484,0.251,0.056,0.491,22-5
1481,122620379,4,4,0.276,7976,2204.516,0.214,0.052,0.553,22-5
1481,-122620404,4,4,0.172,8901,1530.355,0.188,0.035,0.388,22-5
1514,-832672892,4,1,0.163,6066,988.194,0.163,0,0,22-5
1481,-1297330082,4,4,0.342,4210,1440.774,0.239,0.07,0.622,22-5
1514,1051437089,4,5,0.271,504,136.387,0.366,0.102,0.669,22-5
1514,732650494,4,3,0.231,5829,1347.742,0.197,0.044,0.428,22-5
1481,-1161633861,4,4,0.294,6850,2012.806,0.207,0.061,0.664,22-5
1515,1291747991,4,2,0.133,3708,492.968,0.203,0.099,0.689,22-5
1515,-1291747990,4,2,0.271,4345,1178.548,0.203,0.096,0.671,22-5
1507,1291642909,4,12,0.109,6214,678.935,0.113,0.02,0.587,22-5
1507,-1291642630,4,12,0.138,5652,777.258,0.099,0.016,0.569,22-5
1514,1209986942,4,6,0.331,4155,1374.742,0.337,0.08,0.587,22-5
1515,-1291747859,4,5,0.198,3719,737.355,0.211,0.018,0.206,22-5
1516,-31413113,4,5,0.125,1353,169.548,0.093,0.021,0.629,22-5
1515,825418768,4,5,0.267,2828,755.548,0.218,0.033,0.391,22-5
1516,1224037663,4,5,0.059,1523,90.581,0.077,0.01,0.33,22-5
1516,-1209342850,4,8,0.089,8125,724.387,0.07,0.011,0.448,22-5
1516,-1209308527,4,9,0.067,8266,551.387,0.069,0.013,0.523,22-5
1516,1291749253,4,8,0.069,9595,662.032,0.065,0.009,0.393,22-5
1964,-91511152,4,1,0.174,8295,1439.581,0.174,0,0,22-5
1516,1209680517,4,9,0.086,10034,858.032,0.065,0.012,0.539,22-5
1964,91511151,4,1,0.157,15839,2491.935,0.157,0,0,22-5
1964,-1125733895,4,1,0.134,15392,2063.226,0.134,0,0,22-5
1964,-91500097,4,1,0.207,12942,2677.871,0.207,0,0,22-5
1964,91500096,4,1,0.228,8620,1967.871,0.228,0,0,22-5
1964,-91500379,4,3,0.122,2085,254.871,0.107,0.029,0.483,22-5
1964,1125737004,4,2,0.144,4752,685.387,0.145,0.002,0.017,22-5
1964,-1125737005,4,3,0.112,4251,476.71,0.111,0.015,0.269,22-5
1964,91509777,4,3,0.054,6097,331.581,0.043,0.017,0.706,22-5
1964,134917425,4,3,0.145,12556,1815.452,0.162,0.016,0.189,22-5
1964,1295224648,4,3,0.116,19520,2273.323,0.113,0.019,0.326,22-5
1964,1218152477,4,3,0.143,3528,504.194,0.134,0.053,0.779,22-5
1964,122671505,4,1,0.177,16039,2834.935,0.177,0,0,22-5
1965,999594368,4,1,0.242,9932,2399.871,0.242,0,0,22-5
1964,-1218153530,4,3,0.171,4260,728.194,0.158,0.023,0.257,22-5
1517,1245203183,4,1,0.114,9047,1035.29,0.114,0,0,22-5
1965,-999594368,4,1,0.214,12026,2579.065,0.214,0,0,22-5
1965,123783428,4,2,0.136,18171,2477.161,0.113,0.033,0.407,22-5
1965,-109045973,4,2,0.103,12914,1325.677,0.126,0.033,0.367,22-5
1517,-1208746853,4,5,0.189,5366,1013.097,0.187,0.014,0.181,22-5
1517,-1245209230,4,7,0.176,6587,1159.774,0.142,0.017,0.365,22-5
1517,1208746850,4,5,0.175,7779,1359.032,0.148,0.016,0.272,22-5
1517,115713817,4,7,0.133,8014,1062.548,0.137,0.015,0.308,22-5
1551,-1119524258,4,2,0.255,15550,3968.065,0.243,0.018,0.104,22-5
1551,-1119439867,4,3,0.238,3896,926.645,0.203,0.06,0.512,22-5
1512,-1154913528,4,9,0.209,10274,2150.71,0.212,0.024,0.327,22-5
1551,-1119439857,4,3,0.262,6643,1739.323,0.196,0.057,0.533,22-5
1551,91126605,4,4,0.251,7267,1827.355,0.209,0.038,0.44,22-5
1512,1209706898,4,9,0.155,12820,1991.613,0.19,0.026,0.396,22-5
1551,1119439859,4,3,0.195,6731,1312.935,0.197,0.053,0.543,22-5
1551,-1119439861,4,4,0.24,8266,1982.419,0.212,0.042,0.429,22-5
1551,786762819,4,2,0.241,14308,3441.323,0.276,0.05,0.256,22-5
1551,1119434434,4,4,0.213,14326,3048.194,0.246,0.075,0.685,22-5
1551,-1204319851,4,4,0.343,4403,1509.677,0.205,0.092,0.932,22-5
1551,1241914842,4,3,0.316,3612,1142.484,0.241,0.085,0.692,22-5
1551,-1119434446,4,6,0.245,14993,3676.935,0.206,0.043,0.447,22-5
1551,1166824805,4,4,0.121,4792,577.806,0.171,0.075,0.941,22-5
1551,1119439863,4,10,0.203,8962,1820.065,0.165,0.039,0.667,22-5
1512,-1230894228,4,17,0.177,13047,2315.387,0.157,0.017,0.392,22-5
1551,-1119434441,4,10,0.255,7505,1914.032,0.183,0.042,0.705,22-5
1512,1246318663,4,17,0.17,11432,1942.677,0.163,0.02,0.437,22-5
1540,-87499239,4,6,0.09,11839,1068.226,0.078,0.01,0.336,22-5
1540,1250262699,4,6,0.086,16726,1437.581,0.092,0.009,0.266,22-5
1533,18596418,4,1,0.296,2218,657.387,0.296,0,0,22-5
1533,877409651,4,4,0.112,3010,338.065,0.097,0.012,0.29,22-5
1533,-716206973,4,2,0.052,8602,446.387,0.044,0.012,0.375,22-5
1533,-123613894,4,8,0.082,2800,230.29,0.106,0.017,0.532,22-5
1553,-91153272,4,5,0.025,5237,131.968,0.14,0.068,1.259,22-5
1533,101649559,4,12,0.125,3596,448.323,0.127,0.029,0.831,22-5
1553,1166619230,4,5,0.19,5609,1067.935,0.103,0.071,1.767,22-5
1533,-108629016,4,13,0.161,4038,648.774,0.121,0.025,0.619,22-5
1534,1073798030,4,11,0.103,6427,660.194,0.133,0.028,0.682,22-5
1534,-102424266,4,12,0.208,6586,1367.226,0.125,0.038,1.138,22-5
1962,-98264152,4,1,0.059,1245,73.903,0.059,0,0,22-5
1962,-18868241,4,1,0.291,820,238.258,0.291,0,0,22-5
1538,-1242113991,4,8,0.177,7999,1412.097,0.226,0.057,0.734,22-5
1538,1118871111,4,7,0.265,10233,2710.032,0.223,0.044,0.489,22-5
1538,1250658408,4,7,0.226,11162,2519.548,0.192,0.039,0.519,22-5
1538,1242113987,4,11,0.174,4412,769.548,0.137,0.019,0.462,22-5
1538,-1250658386,4,11,0.188,3004,564.548,0.176,0.017,0.286,22-5
1557,115879579,4,9,0.066,12688,838.129,0.055,0.006,0.378,22-5
1557,18832542,4,11,0.092,13457,1240.516,0.066,0.01,0.539,22-5
1542,1249763244,4,11,0.117,7206,843.194,0.089,0.018,0.68,22-5
1542,-724077471,4,12,0.131,6839,893.032,0.107,0.012,0.367,22-5
1554,711618393,4,6,0.224,1007,225.258,0.276,0.055,0.512,22-5
1556,-1212772920,4,11,0.092,6176,569.258,0.079,0.013,0.536,22-5
1556,906831082,4,11,0.142,6742,960.129,0.105,0.02,0.653,22-5
1554,-1156632360,4,6,0.284,856,243.484,0.254,0.067,0.728,22-5
1554,1212852511,4,13,0.073,4431,325.161,0.079,0.012,0.488,22-5
1554,-1256116194,4,13,0.081,4167,335.806,0.076,0.015,0.744,22-5
1566,1210006621,4,7,0.121,8046,974.065,0.117,0.032,0.771,22-5
1566,-1290788347,4,7,0.097,9034,872.968,0.105,0.024,0.686,22-5
1566,-1129807344,4,9,0.104,9617,998.645,0.116,0.008,0.197,22-5
1558,-24714749,4,3,0.079,3448,274,0.088,0.065,1.467,22-5
1558,-18704674,4,6,0.172,1732,298.645,0.169,0.021,0.313,22-5
1558,1213093981,4,6,0.179,2736,489.677,0.177,0.034,0.487,22-5
1566,1269460526,4,9,0.148,7756,1145.161,0.132,0.009,0.234,22-5
1558,-1255598616,4,12,0.158,3912,616.871,0.145,0.026,0.698,22-5
1561,-1209453847,4,7,0.115,9124,1053.161,0.12,0.011,0.238,22-5
1561,1209452222,4,7,0.19,8416,1599.839,0.134,0.026,0.54,22-5
1559,1285359823,4,6,0.048,1185,56.645,0.04,0.01,0.662,22-5
1559,-1255659725,4,6,0.099,10195,1009.871,0.092,0.004,0.116,22-5
1561,-1270817611,4,14,0.162,8088,1306.258,0.128,0.013,0.41,22-5
1561,1152064213,4,14,0.148,7083,1050.903,0.146,0.012,0.3,22-5
1559,-1255700566,4,13,0.111,4001,445.968,0.091,0.013,0.434,22-5
1559,1034240682,4,4,0.124,12387,1535.774,0.11,0.028,0.575,22-5
1559,18656617,4,13,0.124,3324,412.387,0.11,0.014,0.459,22-5
1559,1189921873,4,18,0.125,3667,458.226,0.113,0.014,0.456,22-5
1559,-1255668099,4,19,0.12,5677,678.742,0.082,0.011,0.653,22-5
1543,1242057866,4,4,0.097,16241,1574.613,0.088,0.006,0.156,22-5
1543,-1242057869,4,4,0.116,13541,1569.548,0.117,0.007,0.147,22-5
1543,-1250090156,4,12,0.097,16080,1562.032,0.089,0.006,0.167,22-5
1545,-1214070658,4,4,0.119,11442,1357.419,0.123,0.025,0.504,22-5
1545,1214071870,4,4,0.202,8994,1812.968,0.147,0.042,0.619,22-5
1545,-1214069719,4,9,0.203,7718,1568.935,0.163,0.03,0.566,22-5
1545,773096016,4,9,0.135,10182,1370.29,0.126,0.022,0.527,22-5
1543,1250085136,4,12,0.113,13998,1580.71,0.106,0.007,0.197,22-5
1564,1269168021,4,6,0.177,7300,1292.097,0.126,0.028,0.632,22-5
1564,31990213,4,10,0.262,4729,1238.419,0.187,0.045,0.656,22-5
1564,-1061287978,4,6,0.126,2865,361.968,0.128,0.019,0.412,22-5
1564,1212753042,4,9,0.196,13827,2709.742,0.156,0.017,0.345,22-5
1564,-1250430425,4,9,0.133,21995,2930.323,0.124,0.013,0.323,22-5
1564,-1269324368,4,10,0.155,8909,1384.161,0.13,0.036,0.724,22-5
1564,1269315126,4,17,0.14,19888,2787.323,0.126,0.013,0.308,22-5
1560,835581569,4,2,0.086,10592,910.71,0.089,0.005,0.073,22-5
1564,-1269324370,4,17,0.131,18978,2489.161,0.128,0.016,0.469,22-5
1560,1234092038,4,1,0.119,9152,1090.516,0.119,0,0,22-5
1560,1281679175,4,19,0.106,6766,715.774,0.116,0.011,0.368,22-5
1560,-835581569,4,3,0.083,14787,1230.903,0.075,0.007,0.175,22-5
1560,-40144017,4,2,0.035,47537,1643.677,0.032,0.004,0.182,22-5
1560,-1281686529,4,23,0.064,26485,1690.452,0.061,0.005,0.333,22-5
1563,715144491,4,2,0.184,8773,1613.323,0.181,0.005,0.035,22-5
1560,1182093138,4,9,0.027,55690,1508.484,0.025,0.003,0.35,22-5
1563,1211570721,4,2,0.271,9902,2680.065,0.204,0.094,0.651,22-5
1563,-1308511689,4,3,0.133,9711,1292.806,0.16,0.089,1.07,22-5
1560,40113184,4,24,0.028,61051,1698.677,0.023,0.002,0.388,22-5
1560,1251742336,4,18,0.068,12469,844.355,0.061,0.009,0.588,22-5
1560,-40138869,4,19,0.083,15115,1250.742,0.073,0.009,0.46,22-5
1560,1182116232,4,16,0.031,44060,1385.032,0.02,0.003,0.697,22-5
1963,106120327,4,9,0.155,1890,292.355,0.111,0.027,0.645,22-5
1544,-87498758,4,8,0.051,2247,113.548,0.048,0.008,0.505,22-5
1963,-908356816,4,9,0.07,2351,164.129,0.085,0.013,0.415,22-5
1544,1119290147,4,8,0.061,3626,219.742,0.05,0.009,0.506,22-5
1565,-737209073,4,4,0.162,9084,1470.258,0.142,0.022,0.334,22-5
1565,108761879,4,4,0.252,6966,1758.581,0.189,0.045,0.559,22-5
1544,1119290145,4,7,0.079,15533,1227.581,0.078,0.011,0.395,22-5
1544,-806963152,4,7,0.08,15628,1248.194,0.061,0.011,0.505,22-5
1544,-1119290141,4,9,0.065,12831,832.71,0.061,0.011,0.607,22-5
1544,1249336815,4,9,0.086,15954,1369.871,0.061,0.01,0.564,22-5
1569,1210216764,4,2,0.15,18429,2765.065,0.153,0.005,0.042,22-5
1569,-1210215264,4,4,0.15,17670,2649.065,0.129,0.014,0.248,22-5
1567,-1208392202,4,2,0.159,13201,2103.161,0.174,0.021,0.172,22-5
1567,-1208371742,4,2,0.075,12738,951.161,0.095,0.028,0.424,22-5
1567,-1208371847,4,2,0.073,10050,736.935,0.09,0.023,0.366,22-5
1569,1210219397,4,6,0.145,17129,2489.516,0.129,0.021,0.428,22-5
1569,-837737776,4,6,0.195,12982,2525.935,0.161,0.026,0.393,22-5
1569,-1272309236,4,10,0.233,3511,816.806,0.133,0.036,0.964,22-5
1567,1273060741,4,5,0.056,11521,649.871,0.066,0.011,0.367,22-5
1569,-1272309282,4,10,0.095,4949,469.065,0.106,0.014,0.461,22-5
467,1310471700,4,1,0.145,10695,1547.968,0.145,0,0,22-5
467,948472935,4,1,0,1410,0,0,0,0,22-5
1961,1156623855,4,2,0.271,20621,5594.258,0.332,0.087,0.368,22-5
1547,-1119380194,4,8,0.076,16654,1259.935,0.071,0.017,0.561,22-5
1547,1247604364,4,8,0.088,15385,1359.839,0.066,0.018,0.617,22-5
467,1217966977,4,4,0.096,19607,1884.742,0.047,0.054,2.056,22-5
467,1125702886,4,4,0.081,18896,1535.194,0.04,0.046,2.039,22-5
467,-1310474503,4,12,0.092,17014,1570.871,0.062,0.046,1.705,22-5
1393,1263664086,4,1,0.264,9125,2412.903,0.264,0,0,22-5
467,-1217966975,4,12,0.098,17650,1726.065,0.053,0.04,1.831,22-5
1570,-1256181209,4,10,0.101,2861,287.806,0.104,0.021,0.657,22-5
1393,-1263663888,4,3,0.219,9455,2072.161,0.15,0.061,0.759,22-5
1570,777812092,4,10,0.131,3741,490.935,0.088,0.023,0.744,22-5
1393,-948865748,4,4,0.252,2835,713.258,0.247,0.032,0.278,22-5
1570,-18705921,4,11,0.12,2017,242.419,0.088,0.018,0.567,22-5
1570,1256181222,4,11,0.075,2362,176.677,0.083,0.015,0.44,22-5
1393,1289335336,4,3,0.137,11774,1612.452,0.194,0.07,0.699,22-5
1393,819239608,4,4,0.297,3357,997,0.213,0.063,0.626,22-5
1393,-819239609,4,6,0.236,9906,2342.742,0.194,0.044,0.585,22-5
1568,1020243662,4,3,0.171,9732,1661.645,0.149,0.029,0.364,22-5
1568,-1216999791,4,3,0.169,14856,2504.387,0.142,0.026,0.372,22-5
1568,1020243656,4,3,0.121,14319,1732.032,0.13,0.03,0.445,22-5
1568,-1216996250,4,2,0.143,10951,1567.839,0.145,0.002,0.024,22-5
1570,1256166027,4,24,0.042,5032,212.161,0.038,0.004,0.451,22-5
1568,-1020243666,4,5,0.163,4921,800.774,0.117,0.029,0.677,22-5
1570,-1256181200,4,24,0.057,4928,278.613,0.046,0.005,0.449,22-5
1568,1020243668,4,5,0.125,4209,528.226,0.114,0.015,0.296,22-5
1568,1217181752,4,14,0.117,2162,253.645,0.073,0.016,0.769,22-5
1576,-1166620035,4,1,0.203,20527,4170.774,0.203,0,0,22-5
1576,786762820,4,1,0.32,21592,6901.387,0.32,0,0,22-5
1574,1119520976,4,4,0.174,10527,1827.258,0.212,0.057,0.558,22-5
1574,-1119520973,4,4,0.309,7284,2251.839,0.238,0.073,0.605,22-5
1574,-1119520977,4,5,0.167,14210,2372.323,0.194,0.057,0.735,22-5
1574,1119520983,4,5,0.166,5441,900.742,0.218,0.069,0.784,22-5
1574,1165999838,4,5,0.26,4188,1090.419,0.239,0.118,1.19,22-5
1574,98864199,4,5,0.239,11447,2731.355,0.231,0.092,0.999,22-5
1575,98567359,4,3,0.243,3006,730.258,0.21,0.038,0.36,22-5
1589,-1238597112,4,2,0.28,11170,3122.581,0.306,0.038,0.174,22-5
1575,-1247211540,4,7,0.168,4311,725.871,0.14,0.028,0.574,22-5
1575,1166080218,4,7,0.163,3427,559.71,0.129,0.035,0.787,22-5
1575,1119455439,4,9,0.169,9840,1659.677,0.154,0.028,0.539,22-5
1589,-792662281,4,6,0.208,8489,1761.935,0.244,0.078,0.824,22-5
1575,-1119432199,4,9,0.161,10622,1713.71,0.141,0.022,0.455,22-5
1575,1247211547,4,12,0.132,9421,1241.581,0.152,0.025,0.495,22-5
1589,1238596905,4,6,0.336,10369,3483.226,0.222,0.086,0.799,22-5
1589,1238596234,4,2,0.186,10370,1924.226,0.213,0.039,0.258,22-5
1589,-1238721213,4,2,0.305,8181,2491.258,0.265,0.056,0.301,22-5
1575,1247299466,4,12,0.19,9091,1731.452,0.131,0.031,0.674,22-5
1589,-1284731288,4,9,0.194,10736,2085.645,0.183,0.042,0.685,22-5
1589,124136854,4,10,0.248,10666,2639.871,0.179,0.037,0.638,22-5
1589,1238479747,4,12,0.2,13827,2762.613,0.153,0.021,0.454,22-5
1593,-124142870,4,5,0.194,10270,1996.935,0.202,0.017,0.195,22-5
1593,1169471689,4,4,0.173,4685,809.839,0.152,0.027,0.329,22-5
1593,1169471687,4,4,0.22,4385,962.935,0.243,0.038,0.351,22-5
1589,-1114720053,4,13,0.185,13695,2528.065,0.158,0.019,0.32,22-5
1593,-98767486,4,4,0.344,4917,1691.516,0.242,0.071,0.65,22-5
1593,-98756161,4,4,0.13,3584,465.71,0.139,0.023,0.372,22-5
1593,124137773,4,13,0.214,8417,1804.129,0.228,0.042,0.729,22-5
1593,-1190520846,4,13,0.253,9671,2443.484,0.197,0.025,0.43,22-5
1552,1217602776,4,9,0.144,1270,182.839,0.164,0.04,0.757,22-5
1552,-1173038480,4,9,0.251,1060,265.839,0.185,0.034,0.581,22-5
1593,1190527778,4,9,0.306,9189,2811.419,0.207,0.042,0.678,22-5
1549,-1247353481,4,6,0.204,11399,2328.774,0.149,0.029,0.552,22-5
1580,835902529,4,2,0.158,12317,1943.419,0.165,0.01,0.084,22-5
1549,23356058,4,7,0.138,11115,1528.742,0.134,0.018,0.414,22-5
1549,1119336015,4,10,0.25,11428,2857.806,0.236,0.079,1.155,22-5
1549,-1310781687,4,9,0.226,9452,2137.581,0.288,0.086,0.989,22-5
1580,-835902528,4,2,0.195,18967,3706.903,0.181,0.021,0.166,22-5
1580,-1119100494,4,10,0.146,15461,2261.387,0.126,0.011,0.308,22-5
1579,837251270,4,2,0.246,13733,3382.774,0.242,0.006,0.034,22-5
1579,106863102,4,1,0.288,15884,4580.419,0.288,0,0,22-5
1579,-106863105,4,2,0.282,12359,3486.129,0.268,0.02,0.108,22-5
1579,-837251271,4,4,0.235,12731,2997.419,0.191,0.037,0.418,22-5
1579,-107405926,4,4,0.288,3048,878.548,0.275,0.042,0.368,22-5
1550,1179701155,4,5,0.323,4144,1338.581,0.341,0.042,0.305,22-5
1579,-1244029326,4,1,0.202,13173,2659.581,0.202,0,0,22-5
1579,1244029326,4,1,0.197,13420,2637.29,0.197,0,0,22-5
1550,850674436,4,6,0.271,6711,1818.065,0.306,0.045,0.395,22-5
1579,126926127,4,3,0.311,4597,1431.742,0.209,0.089,0.78,22-5
1580,948536697,4,10,0.185,10548,1953.613,0.144,0.019,0.446,22-5
1579,-1167989616,4,3,0.169,5584,941.71,0.175,0.046,0.522,22-5
1579,792788611,4,4,0.166,12917,2142.903,0.192,0.035,0.389,22-5
1579,1167989619,4,4,0.311,4291,1334.968,0.223,0.062,0.639,22-5
1605,1208782819,4,3,0.287,10110,2903.258,0.313,0.083,0.508,22-5
1585,-1209781107,4,3,0.192,9937,1906.871,0.178,0.043,0.463,22-5
1605,-1208782854,4,11,0.24,10193,2445.742,0.26,0.031,0.449,22-5
1605,1245379323,4,11,0.279,9751,2717.387,0.282,0.039,0.517,22-5
1585,1209781160,4,3,0.321,6552,2103.968,0.272,0.047,0.348,22-5
1585,1209781165,4,5,0.25,8964,2242.903,0.214,0.027,0.291,22-5
1581,799483800,4,1,0.107,12975,1385.065,0.107,0,0,22-5
1581,1242048876,4,4,0.125,4490,562.258,0.122,0.026,0.514,22-5
1581,-914082703,4,1,0.148,12189,1801.452,0.148,0,0,22-5
1581,-1118983334,4,4,0.161,4430,714.226,0.142,0.028,0.43,22-5
1581,1214392760,4,10,0.149,10414,1551.742,0.108,0.021,0.665,22-5
1581,-1214088278,4,9,0.105,8032,843.516,0.095,0.01,0.337,22-5
1581,87509231,4,8,0.112,19184,2149.613,0.096,0.014,0.45,22-5
1581,1250813354,4,7,0.165,7051,1164.226,0.142,0.025,0.455,22-5
1581,-1214089024,4,6,0.159,18829,2987.871,0.16,0.025,0.456,22-5
1581,-1250806610,4,13,0.116,6076,703.903,0.098,0.022,0.616,22-5
1581,-773007654,4,9,0.138,11491,1587.484,0.119,0.014,0.302,22-5
1581,1250813335,4,13,0.132,5051,666.548,0.141,0.018,0.42,22-5
1590,1238426855,4,7,0.162,8014,1297.903,0.145,0.025,0.496,22-5
1590,-23363653,4,8,0.185,6773,1255.194,0.161,0.038,0.735,22-5
1603,-1213204862,4,12,0.351,2622,919.452,0.237,0.056,0.704,22-5
1590,1238430620,4,3,0.206,5625,1159.226,0.193,0.012,0.119,22-5
1590,1238884352,4,7,0.16,7556,1205.258,0.13,0.021,0.424,22-5
1590,-1215412063,4,3,0.181,7359,1332.548,0.177,0.005,0.056,22-5
1590,-1238426438,4,5,0.254,8891,2261.484,0.228,0.057,0.561,22-5
1590,-1215819141,4,11,0.178,2618,465.71,0.162,0.039,0.697,22-5
1590,1238426190,4,5,0.266,7383,1964.355,0.227,0.048,0.478,22-5
1590,-1215460788,4,12,0.165,8105,1337.29,0.144,0.028,0.576,22-5
1590,-1238448941,4,11,0.143,2537,363.355,0.165,0.049,0.881,22-5
1578,847650535,4,2,0.348,2848,990.742,0.25,0.138,0.78,22-5
1578,-1259118729,4,5,0.231,2213,512.065,0.252,0.037,0.394,22-5
1578,-847650534,4,3,0.151,3302,497.484,0.222,0.119,0.939,22-5
1573,115687146,4,2,0.096,2323,222.774,0.132,0.051,0.55,22-5
1573,-115724748,4,2,0.229,1706,390.581,0.169,0.084,0.705,22-5
1573,-23355101,4,1,0.175,8375,1467.323,0.175,0,0,22-5
1590,-1215460280,4,7,0.249,5521,1374.806,0.22,0.03,0.343,22-5
1573,23355101,4,2,0.192,8580,1648.935,0.15,0.06,0.566,22-5
1578,846060633,4,5,0.258,2050,528.71,0.251,0.037,0.392,22-5
1573,-1310781491,4,4,0.272,4940,1341.742,0.22,0.081,0.728,22-5
1587,-1118093194,4,1,0.333,503,167.29,0.333,0,0,22-5
1590,1238426142,4,11,0.139,8833,1230.065,0.154,0.026,0.567,22-5
1587,1118093194,4,1,0.276,770,212.839,0.276,0,0,22-5
1573,91126444,4,4,0.26,6577,1709.677,0.176,0.07,0.833,22-5
1583,-1208730295,4,4,0.237,1234,292.581,0.24,0.009,0.085,22-5
1583,1297715124,4,4,0.133,2296,305.903,0.131,0.009,0.163,22-5
1583,1208730310,4,4,0.212,6797,1441.161,0.202,0.013,0.148,22-5
1583,-1291810719,4,4,0.23,5860,1345.935,0.216,0.011,0.119,22-5
1583,1291808443,4,6,0.151,7167,1085.161,0.15,0.011,0.187,22-5
1587,1296710906,4,4,0.227,997,225.839,0.18,0.036,0.432,22-5
1587,-98770731,4,4,0.258,511,131.774,0.305,0.064,0.447,22-5
1583,-1291808591,4,6,0.176,6722,1183.29,0.162,0.011,0.173,22-5
1614,99137106,4,2,0.187,4392,819.613,0.22,0.047,0.305,22-5
1614,-117305986,4,2,0.264,4196,1109.161,0.226,0.054,0.339,22-5
1614,1222763193,4,5,0.338,2930,990.677,0.237,0.061,0.622,22-5
1614,-1222730378,4,5,0.161,3702,596.677,0.191,0.052,0.643,22-5
1613,1264584228,4,5,0.041,15157,626.355,0.043,0.004,0.209,22-5
1572,1119470993,4,1,0.198,6829,1353.484,0.198,0,0,22-5
1572,-1119470997,4,1,0.171,3828,655.129,0.171,0,0,22-5
1613,-1264561564,4,5,0.052,13643,715.613,0.045,0.005,0.251,22-5
1588,1217971432,4,3,0.293,271,79.323,0.251,0.059,0.437,22-5
1572,-1119470990,4,2,0.222,10207,2267.645,0.236,0.02,0.119,22-5
1572,1119470991,4,2,0.265,4690,1243.774,0.246,0.027,0.154,22-5
1611,1310122401,4,15,0.082,2657,218.387,0.112,0.013,0.452,22-5
1572,-1247318192,4,5,0.187,13459,2510.806,0.174,0.037,0.568,22-5
1588,-98778369,4,3,0.174,508,88.226,0.201,0.024,0.224,22-5
1611,-1230696176,4,18,0.143,1922,275.774,0.156,0.031,0.733,22-5
1572,1119470994,4,6,0.151,7831,1183.065,0.22,0.064,0.724,22-5
1607,-1214025032,4,2,0.064,11030,704.71,0.058,0.009,0.216,22-5
1607,1214026058,4,4,0.091,4883,445.548,0.082,0.011,0.271,22-5
1607,-1229136898,4,4,0.097,7367,712.355,0.077,0.018,0.511,22-5
1607,1214026196,4,6,0.064,9722,620.677,0.059,0.008,0.3,22-5
1607,1213906623,4,2,0.089,11095,992.161,0.084,0.008,0.139,22-5
1613,-782957833,4,19,0.06,14471,862.774,0.046,0.005,0.443,22-5
1613,1216622792,4,20,0.051,16647,846.129,0.039,0.005,0.475,22-5
1607,-1213906411,4,4,0.094,5397,506,0.086,0.011,0.277,22-5
1607,-1213906376,4,7,0.107,3447,367.387,0.103,0.021,0.562,22-5
1607,957699578,4,6,0.053,3014,160.839,0.049,0.011,0.488,22-5
1609,-1075455053,4,5,0.022,3125,67.226,0.024,0.004,0.431,22-5
1609,-1212227724,4,7,0.141,1238,174.097,0.15,0.027,0.571,22-5
1609,1075471106,4,4,0.031,2201,69.065,0.031,0.001,0.081,22-5
1609,845243897,4,8,0.086,2229,191.161,0.086,0.02,0.649,22-5
1597,-1215411575,4,6,0.294,7114,2090.29,0.21,0.043,0.574,22-5
1597,1238428793,4,6,0.205,9879,2021.129,0.216,0.047,0.591,22-5
1597,-1253851824,4,6,0.26,9051,2354.903,0.21,0.03,0.407,22-5
1597,-1238428879,4,6,0.258,7606,1962.387,0.217,0.043,0.499,22-5
1562,1166588833,4,8,0.25,4140,1033.935,0.295,0.036,0.398,22-5
1600,-1209757737,4,5,0.147,3562,523.871,0.145,0.015,0.255,22-5
1562,-1067566774,4,10,0.201,5867,1177.839,0.148,0.031,0.588,22-5
1600,1209303346,4,6,0.187,3844,717.387,0.12,0.033,0.71,22-5
1562,1166024230,4,10,0.151,4831,730.065,0.148,0.037,0.833,22-5
1591,91106579,4,8,0.166,10630,1765.903,0.138,0.019,0.424,22-5
1591,1229995929,4,9,0.139,8525,1186.903,0.135,0.018,0.393,22-5
1591,-1169429162,4,9,0.179,7007,1255.161,0.173,0.022,0.377,22-5
1591,-1307697156,4,7,0.184,9810,1804.29,0.149,0.022,0.436,22-5
1617,-1232750544000,4,2,0.243,6058,1473.774,0.225,0.025,0.159,22-5
1617,1232750545000,4,2,0.165,7219,1188.548,0.177,0.018,0.141,22-5
1617,1245986694000,4,4,0.106,3081,325.742,0.096,0.012,0.226,22-5
1617,-907420832000,4,4,0.196,1405,275.355,0.17,0.018,0.236,22-5
1619,-46729874,4,2,0.272,5964,1624.355,0.266,0.009,0.05,22-5
1619,-46729806,4,2,0.275,5967,1641.097,0.264,0.015,0.083,22-5
1619,46729836,4,2,0.246,4799,1180.645,0.249,0.004,0.022,22-5
1619,46729754,4,2,0.254,5116,1300.194,0.257,0.004,0.024,22-5
1617,-1232751574000,4,8,0.108,9182,995.645,0.094,0.02,0.597,22-5
1617,-740930131000,4,8,0.081,9899,806.065,0.083,0.017,0.581,22-5
1616,1233220298000,4,2,0.094,2610,245.29,0.106,0.017,0.232,22-5
1596,1213318638,4,8,0.324,5367,1741.065,0.214,0.046,0.649,22-5
1616,-1233220297000,4,2,0.175,1973,345.774,0.149,0.037,0.347,22-5
1616,-87952973000,4,1,0.164,2138,349.581,0.164,0,0,22-5
1596,-1297653753,4,8,0.196,4573,897.452,0.194,0.012,0.175,22-5
1596,-1292786164,4,10,0.21,11061,2322.258,0.16,0.034,0.69,22-5
1596,1297655281,4,10,0.188,9150,1721.387,0.191,0.03,0.581,22-5
1616,87952973000,4,1,0.217,1669,361.419,0.217,0,0,22-5
1594,1192013942,4,3,0.3,1881,565.161,0.31,0.034,0.213,22-5
1594,-1119871042,4,3,0.177,3487,616.065,0.169,0.015,0.156,22-5
1594,-1213756761,4,6,0.144,3262,468.871,0.147,0.012,0.215,22-5
1594,1241751538,4,6,0.164,2854,467.871,0.175,0.011,0.179,22-5
1608,-982376832,4,3,0.051,14918,766.226,0.047,0.004,0.183,22-5
1608,1264425297,4,5,0.052,15640,806.71,0.043,0.005,0.278,22-5
1596,1172781494,4,19,0.215,5970,1285.677,0.165,0.02,0.469,22-5
1608,-1215171448,4,5,0.06,14032,848.226,0.054,0.008,0.329,22-5
1608,1296292250,4,3,0.049,13119,647.71,0.049,0.004,0.154,22-5
1608,-1215195493,4,7,0.044,16741,734.677,0.043,0.001,0.077,22-5
1596,1297653741,4,19,0.15,5877,880.581,0.157,0.021,0.465,22-5
1608,1057686757,4,8,0.061,13266,807.935,0.048,0.005,0.338,22-5
1470,-99134422,4,2,0.127,2791,355.258,0.158,0.044,0.391,22-5
1470,117279350,4,2,0.16,3092,493.516,0.128,0.044,0.485,22-5
1470,117248459,4,2,0.183,2067,378.258,0.172,0.016,0.128,22-5
1470,-99134427,4,4,0.072,3761,272.548,0.111,0.046,0.882,22-5
1470,-117257602,4,2,0.171,2049,351.032,0.182,0.015,0.116,22-5
1620,-1143863604,4,3,0.163,17748,2899.484,0.219,0.108,0.883,22-5
1470,117257598,4,4,0.176,3128,550.903,0.139,0.077,1.205,22-5
1620,715198574,4,3,0.305,17779,5428.613,0.218,0.076,0.633,22-5
1620,1034873045,4,4,0.125,21633,2700.742,0.153,0.054,0.745,22-5
1620,-105820304,4,4,0.307,18807,5776.226,0.196,0.074,0.797,22-5
1621,705874713,4,2,0.332,20354,6759.194,0.305,0.039,0.18,22-5
1621,-705874723,4,2,0.269,21288,5724.323,0.282,0.019,0.093,22-5
1621,-127110368,4,2,0.239,21936,5240.516,0.294,0.078,0.376,22-5
1632,1065460242,4,4,0.123,1334,164.677,0.126,0.027,0.492,22-5
1632,1185154587,4,5,0.169,2419,410,0.134,0.036,0.695,22-5
1632,-1269821585,4,4,0.109,1919,209.387,0.098,0.024,0.534,22-5
1632,-1065460243,4,5,0.163,2651,432.129,0.156,0.026,0.427,22-5
1622,1167959712,4,4,0.106,8281,874.419,0.091,0.012,0.317,22-5
1622,-1143863670,4,4,0.135,7824,1057.258,0.114,0.016,0.337,22-5
1622,-1158641103,4,4,0.131,7720,1015.097,0.114,0.017,0.356,22-5
1622,22627876,4,7,0.082,9603,788.613,0.09,0.012,0.311,22-5
1633,1054155043,4,2,0.305,12138,3700.129,0.305,0,0,22-5
1633,705787876,4,2,0.321,11595,3721.839,0.371,0.071,0.271,22-5
1645,1228703096,4,3,0.076,9211,700.516,0.028,0.042,2.708,22-5
1645,1220899292,4,2,0.058,5576,324.387,0.07,0.016,0.33,22-5
1633,-1054155078,4,5,0.303,8019,2431.065,0.275,0.068,0.634,22-5
1645,-1228970826,4,3,0.147,5044,740.065,0.052,0.082,2.786,22-5
1633,-107296243,4,5,0.318,11170,3557.581,0.238,0.061,0.56,22-5
1645,-1220823850,4,2,0.122,7601,928.71,0.099,0.033,0.473,22-5
1634,46823583,4,8,0.111,4988,554.194,0.106,0.008,0.229,22-5
1634,-1310392458,4,8,0.168,4512,756.645,0.119,0.021,0.554,22-5
1639,1213802952,4,7,0.29,4125,1196.903,0.258,0.027,0.231,22-5
1639,-1214076411,4,7,0.263,4106,1078.806,0.223,0.051,0.612,22-5
1639,1119063622,4,7,0.337,3819,1285.452,0.251,0.068,0.74,22-5
1639,-724077318,4,12,0.283,5490,1553.323,0.287,0.07,0.815,22-5
1639,-1104049139,4,12,0.259,6269,1623.581,0.232,0.051,0.726,22-5
1640,-43029171,4,2,0.133,11187,1484.032,0.154,0.03,0.274,22-5
1636,-1228997073,4,5,0.131,10059,1320.323,0.118,0.011,0.206,22-5
1636,103351338,4,5,0.24,6318,1517.71,0.174,0.041,0.57,22-5
1640,-1193678105,4,4,0.151,3760,567.29,0.117,0.026,0.514,22-5
1636,1228996884,4,11,0.207,7461,1542.839,0.194,0.037,0.661,22-5
1640,1213695693,4,3,0.213,10593,2261.258,0.152,0.055,0.697,22-5
1636,-1213991278,4,11,0.305,9178,2800.839,0.187,0.052,0.82,22-5
1640,1073234462,4,6,0.112,3386,378.71,0.099,0.014,0.346,22-5
1638,1208927435,4,10,0.202,2894,583.806,0.167,0.021,0.334,22-5
1638,-1164841577,4,10,0.185,4162,768.387,0.14,0.017,0.432,22-5
1638,1272413012,4,14,0.113,4014,454.871,0.117,0.013,0.43,22-5
1638,-1208927399,4,14,0.145,3867,559.839,0.123,0.019,0.597,22-5
1641,1195660929,4,8,0.087,3221,281.548,0.067,0.01,0.438,22-5
1638,-1208927395,4,17,0.163,7287,1188.742,0.138,0.014,0.358,22-5
1638,1272399262,4,17,0.191,3888,743.097,0.219,0.024,0.478,22-5
1641,-98348606,4,8,0.09,3132,282.871,0.069,0.012,0.477,22-5
1638,1272414949,4,21,0.221,5201,1146.871,0.18,0.039,0.937,22-5
1641,1194933198,4,10,0.095,7243,690.581,0.105,0.021,0.707,22-5
1638,-1209039019,4,21,0.168,6578,1103.226,0.147,0.032,0.899,22-5
1641,-1213695500,4,21,0.094,7909,742.903,0.064,0.011,0.742,22-5
1641,-1251578218,4,10,0.136,8008,1091.226,0.084,0.019,0.788,22-5
1635,-23413746,4,11,0.183,3863,708.677,0.12,0.077,2.298,22-5
1641,1213312728,4,21,0.091,7763,704.355,0.082,0.011,0.467,22-5
1642,110468053,4,3,0.057,6640,379.032,0.06,0.005,0.155,22-5
1642,-98230391,4,3,0.097,7892,762.71,0.076,0.018,0.423,22-5
1635,23413754,4,14,0.161,4459,718.581,0.118,0.019,0.571,22-5
1642,-110450135,4,8,0.055,4846,268.903,0.05,0.006,0.323,22-5
1635,-1269714087,4,13,0.224,3252,728.548,0.145,0.036,0.877,22-5
1642,-1220352279,4,12,0.11,5816,638.097,0.095,0.02,0.709,22-5
1642,989886132,4,8,0.087,3922,340.839,0.058,0.014,0.694,22-5
1642,110450280,4,12,0.129,8795,1131.161,0.09,0.016,0.595,22-5
1642,98077041,4,12,0.112,7217,810.194,0.082,0.017,0.62,22-5
1642,-1240361622,4,12,0.113,8551,966.387,0.083,0.012,0.496,22-5
1637,-1310389487,4,10,0.15,1169,175.548,0.143,0.019,0.357,22-5
1637,-1310396443,4,14,0.143,9690,1385.548,0.112,0.014,0.44,22-5
1637,1020637954,4,10,0.125,2603,325.161,0.092,0.015,0.542,22-5
1637,1216761655,4,14,0.145,8290,1199.613,0.135,0.016,0.439,22-5
1643,-1220353432,4,7,0.072,13637,980.613,0.079,0.012,0.389,22-5
1637,1216901280,4,21,0.075,4664,350.194,0.075,0.007,0.378,22-5
1637,-1311203341,4,21,0.123,4379,540.226,0.085,0.013,0.673,22-5
1643,-1220245572,4,13,0.124,1899,234.677,0.074,0.02,1.109,22-5
1637,-1216989878,4,19,0.138,9464,1307.161,0.123,0.012,0.328,22-5
1643,-1300848894,4,10,0.086,12428,1065.677,0.091,0.023,0.806,22-5
1624,106114573,4,4,0.115,3992,460.742,0.119,0.017,0.348,22-5
1637,1020637952,4,19,0.176,8997,1585.452,0.132,0.017,0.501,22-5
1643,1300848893,4,8,0.069,13698,950.548,0.075,0.009,0.373,22-5
1643,110468502,4,7,0.096,15772,1521.516,0.081,0.008,0.285,22-5
1624,-1158555032,4,3,0.118,6158,724,0.119,0.025,0.42,22-5
1643,-1308230361,4,6,0.076,15206,1150.194,0.076,0.004,0.165,22-5
1643,1239096151,4,13,0.06,1739,104.516,0.075,0.013,0.61,22-5
1652,-1210133409,4,2,0.107,2445,262.258,0.142,0.05,0.495,22-5
1652,1210133410,4,2,0.13,6124,799.161,0.113,0.025,0.306,22-5
1624,-1158555030,4,7,0.142,2825,401.355,0.102,0.025,0.627,22-5
1652,-18876285,4,1,0.246,2225,547.613,0.246,0,0,22-5
1652,18876291,4,1,0.198,911,180.097,0.198,0,0,22-5
1652,-1210290261,4,1,0.215,3682,790.258,0.215,0,0,22-5
1624,715246363,4,7,0.144,2177,314.355,0.117,0.032,0.743,22-5
1643,125428835,4,11,0.076,14896,1138.161,0.074,0.018,0.803,22-5
1653,-123374967,4,3,0.115,6553,752.839,0.1,0.013,0.226,22-5
1653,716357848,4,2,0.09,6337,571.806,0.096,0.008,0.119,22-5
1077,1198827535,4,5,0.254,2141,544.097,0.172,0.083,1.232,22-5
1077,-1198838928,4,5,0.074,3063,225.71,0.11,0.03,0.696,22-5
1651,1256309379,4,6,0.1,7191,719.194,0.098,0.007,0.214,22-5
1651,-18758506,4,6,0.053,8029,425.677,0.05,0.01,0.617,22-5
1651,907758765,4,6,0.07,7121,500.613,0.062,0.014,0.653,22-5
1651,-134812004,4,6,0.061,11476,696.742,0.053,0.005,0.23,22-5
1651,-907758761,4,8,0.083,9947,825.323,0.059,0.011,0.572,22-5
1651,907758763,4,8,0.063,11560,730.645,0.049,0.008,0.463,22-5
1025,1199941293,4,8,0.097,10175,986.806,0.116,0.02,0.564,22-5
1651,-1256309380,4,14,0.054,7407,401.419,0.053,0.007,0.427,22-5
1651,18758257,4,14,0.061,7362,450.097,0.046,0.006,0.544,22-5
1025,-104474451,4,8,0.183,10219,1872.032,0.107,0.032,0.976,22-5
564,18869510,4,1,0,634,0,0,0,0,22-5
1656,1004870994,4,9,0.087,2476,214.645,0.118,0.034,0.826,22-5
1656,-1207253321,4,9,0.112,3064,342.258,0.114,0.028,0.762,22-5
564,18891071,4,6,0.113,5545,625.065,0.084,0.019,0.545,22-5
564,724115924,4,5,0.156,4574,714.581,0.164,0.031,0.485,22-5
564,-1220244969,4,3,0.12,6753,807.613,0.076,0.066,1.582,22-5
564,-1308373083,4,3,0.242,7991,1936.839,0.181,0.053,0.51,22-5
564,1220250029,4,9,0.118,8694,1023.161,0.093,0.04,1.501,22-5
564,777812276,4,1,0.15,1376,206.484,0.15,0,0,22-5
564,1308373074,4,4,0.128,6261,798.516,0.132,0.012,0.211,22-5
564,-777812273,4,1,0.171,3793,647.258,0.171,0,0,22-5
564,1220245049,4,3,0.154,6457,991.839,0.094,0.082,1.639,22-5
564,-777812269,4,2,0.084,4409,368.452,0.042,0.059,1.976,22-5
564,777812272,4,2,0.136,1742,237.645,0.072,0.091,1.796,22-5
564,-1220247488,4,3,0.136,3091,421.161,0.115,0.019,0.315,22-5
564,-1308373051,4,5,0.116,6894,800.645,0.125,0.018,0.345,22-5
564,-1166820650,4,15,0.126,3343,421.419,0.092,0.03,1.443,22-5
564,1300533393,4,12,0.127,3698,470.548,0.085,0.031,1.503,22-5
1313,-1213692960,4,6,0.221,1945,429.903,0.183,0.033,0.434,22-5
1313,854431420,4,6,0.144,2055,296.194,0.136,0.021,0.415,22-5
1313,1195205501,4,7,0.23,2040,468.258,0.132,0.044,0.929,22-5
1313,-1195592266,4,5,0.067,3252,217.581,0.076,0.021,0.67,22-5
1313,-1251723848,4,7,0.101,2851,286.677,0.139,0.042,0.928,22-5
1313,1213692788,4,5,0.254,1781,453.161,0.226,0.061,0.636,22-5
1313,-1251723861,4,11,0.122,1836,224.742,0.099,0.023,0.805,22-5
1313,711626016,4,11,0.16,1316,210.323,0.194,0.051,0.771,22-5
1649,1215135328,4,2,0.281,1916,537.774,0.306,0.036,0.167,22-5
1649,-1215135327,4,3,0.243,2751,668.839,0.199,0.04,0.397,22-5
1649,-1215136293,4,3,0.256,2409,617.419,0.293,0.047,0.305,22-5
1657,-18873094,4,1,0.08,1605,128.065,0.08,0,0,22-5
1657,18873092,4,1,0.117,4679,545.871,0.117,0,0,22-5
1657,98331384,4,2,0.146,1318,192.226,0.096,0.071,1.047,22-5
1657,1314191969,4,4,0.107,4367,468.774,0.097,0.034,0.767,22-5
1657,1210190122,4,6,0.108,2160,233.226,0.12,0.027,0.607,22-5
1657,-18873078,4,1,0.114,3836,438.226,0.114,0,0,22-5
1657,-110465067,4,6,0.118,3174,374.484,0.079,0.025,0.81,22-5
1657,-98317865,4,4,0.186,1686,313.032,0.143,0.036,0.54,22-5
1668,1241964425,4,10,0.104,11694,1212.871,0.102,0.006,0.238,22-5
1655,909425268,4,6,0.091,1924,175.484,0.104,0.02,0.486,22-5
1655,-90890869,4,6,0.16,1953,312.839,0.103,0.03,0.803,22-5
1668,1249153412,4,10,0.073,18183,1329.258,0.085,0.009,0.351,22-5
1655,-90890873,4,7,0.055,3948,217.355,0.061,0.005,0.208,22-5
1668,-1262954618,4,10,0.108,14061,1515.742,0.089,0.011,0.371,22-5
1668,-1249184853,4,10,0.102,14601,1493.903,0.096,0.008,0.253,22-5
1669,23459720,4,1,0.339,3718,1260.29,0.339,0,0,22-5
1655,1207213693,4,7,0.098,3343,328.839,0.085,0.01,0.296,22-5
1669,-1230021371,4,2,0.286,7708,2203.516,0.272,0.02,0.103,22-5
1669,-23459720,4,2,0.297,7164,2128.194,0.275,0.031,0.16,22-5
1669,799410955,4,2,0.309,3768,1163.484,0.339,0.043,0.181,22-5
1659,-1215608226,4,4,0.333,1701,566.516,0.219,0.081,0.796,22-5
1659,-1215553514,4,3,0.228,7939,1813.742,0.235,0.016,0.124,22-5
1659,1215553349,4,4,0.233,8025,1870.548,0.218,0.023,0.228,22-5
1659,1215607743,4,4,0.239,1980,473.968,0.245,0.031,0.298,22-5
1659,1215552290,4,5,0.239,7438,1778,0.246,0.037,0.365,22-5
1661,1120780637,4,4,0.078,1768,137.226,0.1,0.037,0.813,22-5
1659,1215604280,4,6,0.178,11748,2087.516,0.171,0.031,0.427,22-5
1661,1208910621,4,3,0.121,13066,1582.29,0.11,0.01,0.184,22-5
1659,-1215671380,4,8,0.197,9318,1835.742,0.184,0.028,0.437,22-5
1659,-1215604643,4,6,0.173,11100,1924.935,0.169,0.032,0.501,22-5
614,-957649959,4,2,0.073,3241,236.032,0.074,0.002,0.032,22-5
1661,-1120760019,4,5,0.109,12701,1387.645,0.101,0.02,0.472,22-5
1661,-1120780634,4,6,0.125,1717,214.452,0.144,0.023,0.343,22-5
614,1242025850,4,1,0.28,1792,501.548,0.28,0,0,22-5
1661,873697315,4,6,0.179,1625,290.774,0.152,0.027,0.425,22-5
1661,778004535,4,5,0.092,3237,296.516,0.101,0.015,0.352,22-5
1661,-1295270103,4,5,0.066,4340,285.871,0.062,0.004,0.169,22-5
614,957649962,4,3,0.02,6343,129.871,0.016,0.009,1.026,22-5
614,-1213405659,4,2,0.164,2649,433.29,0.169,0.007,0.061,22-5
1661,-1209334848,4,7,0.093,13548,1258.097,0.1,0.013,0.373,22-5
1661,778004531,4,7,0.093,18616,1725.581,0.077,0.009,0.322,22-5
614,1213409797,4,4,0.086,6195,529.774,0.105,0.024,0.469,22-5
614,1213176520,4,5,0.132,2374,313.323,0.146,0.021,0.367,22-5
614,-1213405677,4,4,0.051,6941,354.065,0.053,0.01,0.412,22-5
614,1213413814,4,4,0.15,3031,455.516,0.142,0.028,0.423,22-5
614,-1213405635,4,6,0.129,3053,393.226,0.107,0.016,0.399,22-5
1323,724433304,4,1,0.26,3523,915.677,0.26,0,0,22-5
1323,-724433304,4,1,0.205,3154,646.548,0.205,0,0,22-5
1323,1208772377,4,3,0.263,1709,449.613,0.269,0.016,0.115,22-5
1671,1209128011,4,4,0.143,336,48.097,0.143,0.044,0.727,22-5
1671,1209130118,4,5,0.153,1862,285.419,0.165,0.028,0.426,22-5
1671,-1083245910,4,5,0.142,2001,283.839,0.133,0.014,0.243,22-5
1671,-1297693212,4,4,0.18,1341,241.71,0.141,0.034,0.594,22-5
2175,809173058,4,1,0,438,0,0,0,0,22-5
2175,1309225500,4,10,0,374,0,0,0,0,22-5
2175,-1309229343,4,1,0,490,0,0,0,0,22-5
1644,-1071199708,4,1,0.16,1820,291.645,0.16,0,0,22-5
1644,1071199708,4,1,0.122,2417,293.71,0.122,0,0,22-5
1644,-1209017157,4,1,0.135,1249,168.323,0.135,0,0,22-5
1644,1209017157,4,1,0.113,2219,251.355,0.113,0,0,22-5
1644,18862854,4,1,0.152,1767,268.065,0.152,0,0,22-5
2175,-1294231723,4,9,0,391,0,0,0,0,22-5
1644,-1202921417,4,4,0.233,1409,328.097,0.194,0.051,0.527,22-5
1644,115898952,4,1,0.103,1977,204.548,0.103,0,0,22-5
1644,-115898952,4,1,0.141,2132,301.484,0.141,0,0,22-5
1644,-1313187802,4,1,0.067,3561,239.419,0.067,0,0,22-5
1644,-1279777779,4,1,0.102,3495,355.516,0.102,0,0,22-5
1644,1209033465,4,2,0.084,1611,135.839,0.075,0.013,0.244,22-5
1644,98320758,4,1,0.092,4528,416.387,0.092,0,0,22-5
1644,-1209013525,4,3,0.079,3487,277.194,0.085,0.008,0.167,22-5
1664,-98864072,4,3,0.112,15516,1745.065,0.1,0.014,0.282,22-5
1664,850537422,4,2,0.113,15187,1723.097,0.136,0.032,0.332,22-5
1664,-850537421,4,2,0.163,13807,2247.871,0.133,0.042,0.45,22-5
1664,1194797664,4,3,0.074,18795,1399.548,0.083,0.008,0.169,22-5
1676,108626670,4,3,0.163,8863,1442.161,0.126,0.036,0.57,22-5
1676,-1200160686,4,4,0.165,7229,1195.839,0.135,0.029,0.429,22-5
1676,1121243810,4,6,0.112,6020,676.935,0.097,0.024,0.663,22-5
1676,-1247297058,4,7,0.127,7924,1002.774,0.153,0.041,0.734,22-5
1676,-1241999626,4,6,0.159,4015,638.516,0.131,0.034,0.693,22-5
1676,1121240728,4,8,0.185,8300,1537.645,0.143,0.03,0.508,22-5
181,1208657694,4,5,0.131,4057,530.71,0.137,0.014,0.268,22-5
1676,108624123,4,12,0.097,5922,577.226,0.101,0.015,0.494,22-5
181,1208657703,4,5,0.246,4155,1020.871,0.134,0.088,1.828,22-5
181,-1295208775,4,5,0.195,3146,613.871,0.165,0.096,1.539,22-5
1676,-1247069974,4,14,0.213,7133,1521.839,0.141,0.029,0.714,22-5
1676,-1199911098,4,12,0.152,7464,1132.226,0.091,0.021,0.834,22-5
181,-1208654420,4,6,0.223,3027,674.484,0.138,0.075,1.614,22-5
181,1208654409,4,6,0.122,3594,438.161,0.114,0.059,1.511,22-5
1676,1048328356,4,14,0.152,7894,1201.516,0.135,0.021,0.491,22-5
181,-1295208854,4,5,0.148,3656,542.484,0.155,0.016,0.267,22-5
1468,1214093513,4,3,0.18,1931,348.387,0.188,0.027,0.279,22-5
1468,-87501859,4,3,0.121,2943,355.774,0.107,0.012,0.218,22-5
1217,1209338777,4,6,0.289,3632,1050.29,0.226,0.057,0.652,22-5
1468,-1248222899,4,8,0.141,3075,433.226,0.193,0.076,1.17,22-5
1217,1209351225,4,3,0.177,13400,2368.387,0.191,0.037,0.359,22-5
181,-948695841,4,8,0.165,3836,634.452,0.128,0.023,0.497,22-5
1468,87501904,4,8,0.301,2519,757.065,0.232,0.092,1.144,22-5
1217,-1245898206,4,5,0.291,4024,1172.806,0.207,0.051,0.668,22-5
1406,107017585,4,3,0.205,2748,563.581,0.17,0.053,0.569,22-5
1406,1171900027,4,3,0.141,1634,231.129,0.21,0.096,0.851,22-5
1217,1151845498,4,10,0.276,9090,2507.323,0.293,0.039,0.387,22-5
1683,-1203806369,4,4,0.16,13965,2231.484,0.163,0.009,0.121,22-5
1683,1203799748,4,6,0.168,8539,1432.484,0.171,0.014,0.199,22-5
1683,-1203796597,4,7,0.252,6851,1729.29,0.173,0.036,0.62,22-5
1683,1203796509,4,7,0.176,7184,1264.323,0.154,0.015,0.274,22-5
1682,-1187887568,4,5,0.064,7738,493.194,0.095,0.031,0.677,22-5
1683,-1203803171,4,6,0.149,8178,1220.452,0.16,0.008,0.142,22-5
1683,1203806264,4,6,0.279,12696,3541.903,0.17,0.056,0.897,22-5
1682,38689627,4,5,0.298,4298,1282.194,0.282,0.044,0.369,22-5
1673,1291821565,4,3,0.232,1538,356.323,0.321,0.09,0.562,22-5
1673,-98780608,4,5,0.166,2519,418.871,0.152,0.041,0.643,22-5
1673,1291822133,4,5,0.302,1707,516,0.206,0.056,0.661,22-5
1665,-31404354,4,1,0.128,7390,943.935,0.128,0,0,22-5
1665,31404354,4,1,0.16,8427,1349.032,0.16,0,0,22-5
1684,-107019881,4,1,0.306,9066,2771.871,0.306,0,0,22-5
1684,107019881,4,1,0.272,10031,2726.065,0.272,0,0,22-5
1682,-959838656,4,9,0.243,4453,1081.323,0.194,0.019,0.336,22-5
1682,1203145997,4,9,0.142,5496,778.548,0.145,0.01,0.233,22-5
1684,107017514,4,2,0.246,2838,699.097,0.279,0.047,0.237,22-5
1684,-107017515,4,2,0.166,4523,749.129,0.135,0.044,0.46,22-5
1684,768612900,4,2,0.316,9790,3089.161,0.262,0.075,0.405,22-5
1684,-126899082,4,2,0.204,9323,1905.742,0.252,0.067,0.378,22-5
1684,107014037,4,3,0.247,3466,856.935,0.206,0.042,0.408,22-5
1684,-107014038,4,3,0.206,4463,921.484,0.168,0.047,0.541,22-5
1665,31404359,4,7,0.101,9189,924.613,0.094,0.033,0.977,22-5
1665,-763627750,4,7,0.194,7547,1464.161,0.106,0.04,1.046,22-5
1681,1196805379,4,3,0.135,7572,1023.548,0.12,0.017,0.274,22-5
1681,-1196803986,4,4,0.113,6194,698.226,0.111,0.002,0.044,22-5
1666,23369335,4,1,0.256,2157,551.677,0.256,0,0,22-5
1681,-1196804107,4,5,0.2,5654,1131.065,0.156,0.043,0.622,22-5
1681,-1196706326,4,6,0.197,4544,897.29,0.16,0.019,0.307,22-5
1681,1196733751,4,6,0.107,7309,778.806,0.118,0.008,0.168,22-5
1681,-106866575,4,6,0.192,3929,753.129,0.183,0.012,0.152,22-5
1681,1196805382,4,7,0.185,5463,1011.677,0.185,0.032,0.515,22-5
1681,1196804257,4,5,0.133,5564,741.387,0.136,0.022,0.414,22-5
1666,-123881673,4,1,0.105,2900,303.258,0.105,0,0,22-5
1666,-1192742793,4,2,0.048,2206,106.387,0.071,0.032,0.633,22-5
1666,23369271,4,1,0.08,3622,289.645,0.08,0,0,22-5
1666,-23369351,4,1,0.224,2175,486.581,0.224,0,0,22-5
1666,1241750089,4,3,0.12,3338,400.839,0.104,0.026,0.451,22-5
1666,-23369350,4,3,0.014,4724,64.387,0.052,0.036,1.391,22-5
1674,1209987103,4,5,0.224,2098,469.065,0.206,0.048,0.559,22-5
1674,-1209987100,4,7,0.212,1460,310.065,0.217,0.035,0.552,22-5
1674,1209987107,4,7,0.211,1459,307.258,0.225,0.039,0.591,22-5
1686,-1244939796,4,4,0.138,12798,1760.742,0.129,0.024,0.41,22-5
1686,1197292233,4,4,0.165,10152,1671.774,0.121,0.03,0.526,22-5
1686,1244939795,4,7,0.087,9770,849.581,0.117,0.03,0.703,22-5
1686,-1197293389,4,7,0.109,10779,1177.613,0.108,0.024,0.627,22-5
1690,-1242099076,4,4,0.083,4196,350,0.094,0.023,0.566,22-5
1690,1121693862,4,4,0.158,3696,584.581,0.126,0.037,0.547,22-5
1687,1211878732000,4,3,0.184,8745,1606.097,0.131,0.047,0.695,22-5
1690,90838513,4,9,0.195,2277,443.387,0.177,0.026,0.477,22-5
1687,-1309753491000,4,5,0.068,9919,675.484,0.082,0.009,0.306,22-5
1687,1240037421000,4,5,0.061,10317,624.839,0.049,0.007,0.402,22-5
1687,1300376281000,4,4,0.208,1663,346.613,0.181,0.034,0.401,22-5
1690,-1122025730,4,8,0.111,2924,324.774,0.118,0.02,0.5,22-5
1687,-1194228241000,4,3,0.124,7963,990.645,0.155,0.029,0.375,22-5
1687,-1012183574000,4,4,0.118,2744,323.871,0.122,0.006,0.109,22-5
1688,-1074046015,4,6,0.214,3273,701.806,0.182,0.037,0.443,22-5
1688,1074046003,4,7,0.14,8098,1131,0.131,0.031,0.591,22-5
1688,1074046008,4,6,0.198,3012,596.032,0.175,0.025,0.335,22-5
1688,-102424625,4,7,0.2,7659,1532.613,0.135,0.038,0.722,22-5
1694,-1062654759000,4,3,0.092,7359,677.806,0.096,0.02,0.41,22-5
1694,980044706000,4,3,0.129,7003,902.935,0.09,0.035,0.722,22-5
1687,1211878778000,4,21,0.106,10326,1097.806,0.067,0.014,0.858,22-5
1687,-1300379380000,4,21,0.088,11066,971.968,0.08,0.009,0.334,22-5
1122,-1242099763,4,2,0.099,7193,709.194,0.079,0.027,0.484,22-5
1122,1186492485,4,2,0.073,5697,416.677,0.082,0.013,0.224,22-5
1122,1185296390,4,4,0.281,3377,947.613,0.182,0.069,0.878,22-5
1122,-1242091713,4,4,0.138,8620,1185.484,0.118,0.028,0.504,22-5
1122,18597281,4,4,0.15,7835,1174.806,0.141,0.03,0.479,22-5
1122,18630340,4,2,0.101,11412,1153.548,0.108,0.01,0.125,22-5
1122,-18630339,4,2,0.151,9374,1415.097,0.134,0.024,0.254,22-5
1122,-1185259855,4,4,0.201,4645,935.226,0.177,0.049,0.603,22-5
1692,1212433615000,4,8,0.045,5660,255.419,0.044,0.01,0.644,22-5
1692,1213068386000,4,6,0.062,6728,417.903,0.048,0.009,0.514,22-5
1122,1185364873,4,9,0.141,6092,858.613,0.106,0.025,0.709,22-5
1692,-1213071934000,4,6,0.063,6748,424.323,0.051,0.008,0.427,22-5
1692,-1264705183000,4,8,0.038,14777,564.548,0.043,0.005,0.308,22-5
1692,1265015477000,4,8,0.061,13072,790.935,0.045,0.007,0.468,22-5
1122,-101669199,4,9,0.146,7090,1035.774,0.106,0.022,0.681,22-5
1692,1213068753000,4,11,0.047,16525,769.581,0.047,0.007,0.474,22-5
1692,-1213068639000,4,11,0.081,16776,1358.065,0.057,0.011,0.593,22-5
1689,18586202,4,1,0.192,176,33.774,0.192,0,0,22-5
1689,-716333496,4,1,0.133,1318,174.742,0.133,0,0,22-5
1689,-716333501,4,1,0.14,1201,168.581,0.14,0,0,22-5
1689,108611836,4,2,0.149,2138,319.29,0.144,0.008,0.079,22-5
1689,-108612544,4,2,0.195,967,188.29,0.193,0.003,0.019,22-5
1689,716333485,4,1,0.075,1331,99.29,0.075,0,0,22-5
1689,-108611832,4,2,0.064,4204,269.194,0.069,0.008,0.156,22-5
1689,18586163,4,1,0.088,749,65.871,0.088,0,0,22-5
1692,-1213070227000,4,8,0.057,5875,335.323,0.049,0.012,0.7,22-5
1689,18586173,4,1,0.092,1185,108.742,0.092,0,0,22-5
1689,108612559,4,2,0.116,1894,220.032,0.12,0.006,0.07,22-5
1695,18598778000,4,2,0.076,9326,706.742,0.114,0.054,0.667,22-5
1695,-1121031215000,4,2,0.137,10579,1444.806,0.134,0.004,0.043,22-5
1695,-1121031217000,4,2,0.071,9855,700.355,0.078,0.01,0.184,22-5
1695,1121031630000,4,2,0.115,6909,795.548,0.113,0.003,0.042,22-5
1693,-907868081,4,1,0.121,1143,138.484,0.121,0,0,22-5
1693,907868081,4,1,0.151,1139,171.548,0.151,0,0,22-5
1695,-1121033632000,4,6,0.213,3862,821.806,0.156,0.031,0.596,22-5
1695,1299006330000,4,4,0.168,2848,479.226,0.171,0.04,0.52,22-5
1695,-736193479000,4,10,0.187,1305,243.871,0.153,0.019,0.376,22-5
1693,1189924604,4,3,0.175,1826,318.645,0.163,0.057,0.685,22-5
1695,1295415695000,4,9,0.085,7124,602.258,0.081,0.013,0.503,22-5
1695,1201498930000,4,10,0.329,932,306.645,0.213,0.047,0.744,22-5
1693,-1189924594,4,3,0.296,1203,356.097,0.201,0.087,0.849,22-5
1720,-1281577065,4,4,0.121,9107,1099.71,0.108,0.02,0.409,22-5
1720,1182054934,4,4,0.158,6256,987.097,0.152,0.028,0.44,22-5
1695,-1299001298000,4,9,0.098,7679,751.194,0.093,0.013,0.379,22-5
1720,-1281577085,4,6,0.137,9245,1267.968,0.122,0.028,0.584,22-5
1720,21908831,4,9,0.122,8351,1016.419,0.11,0.024,0.722,22-5
1729,1121664966,4,9,0.198,5714,1130.871,0.17,0.034,0.555,22-5
1729,-1242000069,4,9,0.148,5528,815.742,0.15,0.027,0.47,22-5
1697,1222674315,4,2,0.332,5142,1709.161,0.383,0.071,0.263,22-5
1732,-108617174,4,3,0.242,9166,2219.065,0.19,0.046,0.462,22-5
1732,1229860660,4,3,0.116,9267,1074.774,0.163,0.043,0.511,22-5
1698,1222445418000,4,4,0.158,7528,1190.129,0.135,0.062,1,22-5
1698,-104496974000,4,10,0.297,7518,2235.419,0.157,0.051,1.105,22-5
1698,-1222444288000,4,4,0.213,4748,1012.516,0.14,0.054,0.846,22-5
1731,824148400,4,2,0.088,8928,784.419,0.082,0.008,0.133,22-5
1731,123620203,4,2,0.116,7824,907.968,0.157,0.058,0.523,22-5
1731,-824148401,4,3,0.232,3328,773.226,0.251,0.017,0.127,22-5
1731,123620212,4,4,0.12,5725,686.581,0.134,0.011,0.186,22-5
1731,-1201628206,4,4,0.114,7642,869.774,0.111,0.008,0.162,22-5
1698,1196582172000,4,10,0.118,8455,1000.194,0.136,0.038,0.942,22-5
1705,-1234779971,4,21,0.183,3032,555.548,0.146,0.018,0.484,22-5
1705,1220675446,4,21,0.167,3039,508.387,0.117,0.016,0.583,22-5
1737,1228583996,4,10,0.171,3609,618.484,0.082,0.033,1.326,22-5
1737,-1228583951,4,9,0.09,15267,1367.194,0.083,0.008,0.282,22-5
1737,1209458295,4,9,0.072,16648,1196.806,0.074,0.006,0.258,22-5
1737,-123897665,4,10,0.109,14065,1539.968,0.084,0.011,0.481,22-5
1737,-1209476790,4,10,0.134,2837,379.387,0.119,0.041,1.143,22-5
1735,-1209816638,4,7,0.088,5380,475.968,0.086,0.022,0.802,22-5
1737,1209476734,4,11,0.086,15361,1318.129,0.084,0.009,0.362,22-5
1735,1240919447,4,10,0.09,22054,1990.516,0.088,0.018,0.703,22-5
1735,-1209722609,4,6,0.112,25976,2913.677,0.091,0.013,0.368,22-5
1735,1266504720,4,7,0.122,4554,557.097,0.092,0.026,0.71,22-5
1735,1297508949,4,8,0.115,27414,3165.806,0.089,0.014,0.51,22-5
1735,-824921814,4,10,0.108,20388,2208.355,0.091,0.021,0.782,22-5
1735,1209307236,4,18,0.142,12482,1769.032,0.099,0.017,0.618,22-5
1736,23459720000,4,1,0.342,3683,1260.29,0.342,0,0,22-5
1735,-1291743784,4,18,0.171,11218,1920.806,0.106,0.021,0.839,22-5
1706,1035199741,4,10,0.154,8407,1297.548,0.117,0.018,0.453,22-5
1736,-1230021371000,4,2,0.304,7246,2203.516,0.289,0.021,0.103,22-5
1736,799410955000,4,2,0.311,3739,1163.484,0.342,0.044,0.181,22-5
1736,-23459720000,4,2,0.293,7272,2128.194,0.271,0.031,0.16,22-5
1706,-105831741,4,10,0.111,9511,1059.677,0.1,0.01,0.248,22-5
1707,716639328000,4,12,0.058,2393,138.968,0.043,0.012,0.8,22-5
1707,-716639325000,4,12,0.061,2053,125.323,0.055,0.008,0.488,22-5
1707,1032862833000,4,6,0.073,2182,158.806,0.054,0.011,0.556,22-5
1707,-1032862836000,4,6,0.066,1980,131.097,0.072,0.018,0.667,22-5
1707,-1034479621000,4,10,0.259,4290,1112,0.16,0.04,0.857,22-5
1707,763846536000,4,10,0.204,3003,613.871,0.151,0.034,0.587,22-5
1708,1262737251,4,6,0.126,7679,964.903,0.138,0.022,0.37,22-5
1708,-1231289998,4,6,0.166,7111,1180.29,0.146,0.024,0.4,22-5
1709,-1219226169,4,9,0.188,6149,1157.258,0.156,0.018,0.366,22-5
1709,1219294971,4,9,0.179,6255,1122.323,0.136,0.027,0.544,22-5
1709,1219145823,4,9,0.114,6830,782,0.108,0.022,0.624,22-5
1749,-1151377664,4,2,0.125,1614,201.806,0.119,0.009,0.107,22-5
1749,1261857160,4,2,0.241,1303,313.484,0.211,0.042,0.278,22-5
1709,-1219294443,4,10,0.208,6686,1390.323,0.138,0.028,0.665,22-5
1709,-830498467,4,6,0.225,4761,1070.161,0.197,0.03,0.355,22-5
1709,-1219295157,4,9,0.158,7785,1233.871,0.116,0.026,0.596,22-5
1709,23180222,4,12,0.162,4259,687.839,0.161,0.021,0.412,22-5
1745,-1290843827,4,2,0.081,13705,1108.452,0.072,0.012,0.235,22-5
1745,1290843828,4,2,0.077,11506,888.871,0.084,0.009,0.159,22-5
1709,1219294835,4,18,0.237,3914,927.613,0.157,0.027,0.689,22-5
1745,870604314,4,1,0.066,13684,903.935,0.066,0,0,22-5
1741,-1201006420,4,10,0.18,9457,1697.839,0.173,0.018,0.355,22-5
1741,-1201005923,4,9,0.187,10405,1948.645,0.159,0.017,0.334,22-5
1741,107400698,4,10,0.155,9727,1506,0.148,0.016,0.316,22-5
1741,1295426035,4,9,0.187,8006,1497.613,0.152,0.015,0.361,22-5
1745,-870604314,4,3,0.087,14313,1242.194,0.086,0.006,0.142,22-5
1753,1212704177000,4,2,0.247,10222,2521.355,0.247,0,0.001,22-5
1753,1212703745000,4,2,0.205,12532,2566.903,0.214,0.013,0.085,22-5
1753,-1212730878000,4,3,0.301,8450,2542.645,0.274,0.035,0.24,22-5
1753,-1212707599000,4,4,0.268,7819,2096.258,0.243,0.05,0.437,22-5
1755,-1270815055,4,2,0.09,13143,1182.645,0.105,0.021,0.286,22-5
1755,1270815056,4,2,0.106,13493,1435.613,0.097,0.014,0.203,22-5
1755,1270815096,4,6,0.151,2940,443.161,0.139,0.031,0.58,22-5
1755,-1270816146,4,10,0.189,3547,670.387,0.147,0.032,0.688,22-5
1755,1266299064,4,6,0.192,1957,375.452,0.134,0.035,0.701,22-5
1755,-1270815091,4,9,0.101,14290,1442.065,0.096,0.009,0.323,22-5
1747,-799988736,4,2,0.135,7526,1015.323,0.116,0.027,0.327,22-5
1755,1308961055,4,10,0.149,3902,582.258,0.092,0.021,0.809,22-5
1755,1209590548,4,9,0.116,14841,1728.677,0.099,0.009,0.287,22-5
1747,799988737,4,2,0.11,10209,1119.129,0.113,0.005,0.06,22-5
1747,799988742,4,3,0.186,6173,1145.194,0.125,0.053,0.743,22-5
1769,1198886868,4,3,0.137,2941,403.323,0.124,0.011,0.165,22-5
1769,-1198886895,4,3,0.194,2356,457.323,0.195,0.001,0.01,22-5
1747,-1310356491,4,10,0.079,7216,572.935,0.074,0.006,0.215,22-5
1747,1311710945,4,10,0.102,6556,671.645,0.102,0.008,0.214,22-5
1755,-1270816202,4,21,0.129,13099,1689.29,0.108,0.01,0.306,22-5
1755,1270816150,4,21,0.124,10285,1272.968,0.127,0.015,0.427,22-5
1711,-781960585,4,8,0.083,12291,1020.581,0.097,0.013,0.403,22-5
1711,-1220357590,4,6,0.108,12176,1312.677,0.099,0.007,0.168,22-5
1711,1220359571,4,8,0.136,8075,1096.065,0.076,0.024,0.959,22-5
1757,-1208867114,4,5,0.153,8030,1227.258,0.138,0.012,0.238,22-5
1757,-1208867105,4,5,0.155,9545,1477.581,0.125,0.02,0.421,22-5
1711,848097407,4,9,0.158,5345,842.742,0.127,0.035,0.86,22-5
1757,-1208788460,4,3,0.132,9927,1313.258,0.134,0.01,0.147,22-5
1752,-1282032573,4,3,0.155,11967,1852.71,0.136,0.029,0.388,22-5
1757,1208867485,4,8,0.195,7748,1513.194,0.152,0.021,0.437,22-5
1752,1220148524,4,4,0.128,14365,1841.71,0.122,0.019,0.364,22-5
1752,-19497142,4,9,0.125,13286,1657.065,0.117,0.013,0.35,22-5
1752,-1050338156,4,9,0.148,10605,1566.839,0.139,0.016,0.369,22-5
1710,834220724,4,8,0.089,9948,888.548,0.068,0.012,0.498,22-5
1754,124633360,4,2,0.183,11513,2104.968,0.154,0.041,0.38,22-5
1710,-834219999,4,11,0.086,6970,602.613,0.072,0.011,0.469,22-5
1754,737115817,4,2,0.125,12558,1565.871,0.145,0.028,0.276,22-5
1754,-737115816,4,2,0.206,13667,2813.355,0.159,0.066,0.586,22-5
1754,-1266769659,4,2,0.168,14589,2450.742,0.144,0.034,0.333,22-5
1742,-1120849362,4,6,0.119,2414,287.29,0.103,0.061,1.779,22-5
1758,-1209345447,4,9,0.067,3841,255.935,0.073,0.017,0.737,22-5
1758,-852116562,4,10,0.127,6542,831.903,0.094,0.017,0.591,22-5
1742,-717804986,4,6,0.091,3264,295.71,0.094,0.075,2.312,22-5
1758,-1278444538,4,9,0.126,3280,412.935,0.09,0.02,0.759,22-5
1758,1127326781,4,10,0.093,6340,589.677,0.104,0.015,0.468,22-5
1742,1120849374,4,8,0.143,3949,563.645,0.104,0.025,0.692,22-5
1742,-722752592,4,8,0.155,3454,535.677,0.145,0.034,0.718,22-5
1740,-1214054225,4,7,0.242,5154,1248.677,0.23,0.034,0.376,22-5
1740,-1192506644,4,8,0.131,8816,1154.516,0.131,0.009,0.219,22-5
1740,-773020473,4,7,0.316,3371,1064.29,0.23,0.047,0.532,22-5
1740,1192506649,4,7,0.137,4836,662.419,0.147,0.024,0.453,22-5
1768,125430378,4,1,0.206,1462,301.258,0.206,0,0,22-5
1740,1250812475,4,6,0.149,8086,1202.194,0.14,0.013,0.233,22-5
1768,125430374,4,2,0.312,2449,764.226,0.293,0.027,0.128,22-5
1768,-125430353,4,2,0.243,4627,1122.677,0.253,0.015,0.081,22-5
1740,-1232111684,4,8,0.136,4571,623.645,0.167,0.048,0.707,22-5
1768,-716349548,4,2,0.179,3279,587.774,0.146,0.046,0.448,22-5
1768,-125430403,4,1,0.083,2267,187.097,0.083,0,0,22-5
1740,1101889872,4,7,0.182,3827,697.548,0.182,0.056,0.819,22-5
1768,988546071,4,2,0.257,2317,596.548,0.314,0.08,0.361,22-5
1768,-988546070,4,2,0.337,3638,1224.226,0.288,0.069,0.34,22-5
1768,125430406,4,3,0.129,3689,476.677,0.122,0.01,0.149,22-5
1744,-31982980,4,2,0.201,5243,1051.871,0.21,0.013,0.09,22-5
1744,761799495,4,3,0.116,12778,1487.677,0.12,0.014,0.231,22-5
1740,115721786,4,9,0.243,4891,1187.161,0.205,0.033,0.401,22-5
1744,1024902548,4,3,0.174,8811,1531.387,0.158,0.018,0.222,22-5
1744,-31982984,4,4,0.104,13259,1374.806,0.089,0.01,0.276,22-5
1744,31982975,4,4,0.132,11208,1484.161,0.131,0.026,0.471,22-5
1712,-1215319216,4,4,0.099,7309,722.194,0.083,0.021,0.547,22-5
1712,1216475125,4,4,0.113,6567,741.548,0.085,0.021,0.604,22-5
1759,-1165393145,4,5,0.221,2366,522.258,0.146,0.044,0.767,22-5
1759,-1223678016,4,5,0.197,1682,331.258,0.225,0.049,0.492,22-5
1712,-1216476881,4,8,0.281,4783,1344.581,0.222,0.055,0.744,22-5
1712,1216465147,4,8,0.241,6576,1586.387,0.187,0.042,0.601,22-5
1759,907858599,4,7,0.14,3531,494.71,0.158,0.016,0.283,22-5
1759,-1278800079,4,7,0.201,4284,860.71,0.137,0.03,0.644,22-5
1734,1242057866000,4,4,0.102,15452,1574.613,0.093,0.007,0.156,22-5
1734,-1242057869000,4,4,0.115,13702,1569.548,0.116,0.007,0.147,22-5
1734,1250085136000,4,7,0.112,14051,1580.71,0.106,0.008,0.196,22-5
1734,-1250087182000,4,7,0.108,12373,1330.71,0.115,0.007,0.167,22-5
1750,-1212733217,4,3,0.115,9271,1065.355,0.111,0.009,0.155,22-5
1750,1212733245,4,3,0.194,7432,1444.516,0.156,0.033,0.398,22-5
1750,-836020365,4,6,0.116,3598,417.839,0.157,0.03,0.49,22-5
1770,-43029110,4,1,0.048,16401,792.419,0.048,0,0,22-5
1738,1248829108,4,16,0.087,16652,1442.161,0.075,0.007,0.349,22-5
1770,43029110,4,1,0.061,10677,646.935,0.061,0,0,22-5
1738,-1248835472,4,16,0.085,11757,996.645,0.085,0.007,0.33,22-5
1750,1191209389,4,6,0.093,5535,515.226,0.105,0.022,0.596,22-5
1770,976635077,4,4,0.1,12378,1232.839,0.059,0.027,0.916,22-5
1770,-976635078,4,4,0.068,10935,748.839,0.085,0.037,0.903,22-5
1738,-1248832673,4,22,0.077,12683,977.742,0.074,0.011,0.64,22-5
1738,1118577958,4,22,0.108,15095,1635.613,0.08,0.012,0.597,22-5
1765,115996381,4,5,0.078,8735,685.677,0.087,0.018,0.542,22-5
1765,-1308829984,4,5,0.082,10454,857.903,0.101,0.021,0.522,22-5
1765,1208959863,4,6,0.055,5504,301.613,0.054,0.004,0.193,22-5
1771,1289518672,4,1,0.065,7799,503.161,0.065,0,0,22-5
1765,-815629957,4,7,0.113,10819,1217.387,0.085,0.015,0.568,22-5
1765,1238451798,4,7,0.103,7123,732.484,0.087,0.01,0.33,22-5
1771,-1215161697,4,4,0.076,8841,675.581,0.061,0.015,0.507,22-5
1771,-1123535266,4,5,0.034,13097,449.032,0.031,0.017,1.385,22-5
1765,-1208959873,4,6,0.137,5032,689.387,0.102,0.018,0.499,22-5
1771,774171131,4,4,0.044,7942,349.968,0.036,0.007,0.441,22-5
1771,1215160263,4,5,0.083,5710,475.613,0.052,0.018,0.84,22-5
1771,-1215158466,4,5,0.071,5748,407.226,0.056,0.012,0.447,22-5
1746,741026016,4,7,0.147,6328,931.742,0.129,0.011,0.275,22-5
1746,-1209850646,4,7,0.115,5981,689.742,0.107,0.026,0.714,22-5
1746,-1065141809,4,7,0.088,10713,940.258,0.077,0.007,0.255,22-5
1746,1209850645,4,7,0.133,5415,721.613,0.141,0.015,0.318,22-5
1746,-782851383,4,7,0.16,7755,1243.226,0.141,0.019,0.356,22-5
1776,-1207998206,4,2,0.095,9105,868.742,0.081,0.02,0.357,22-5
1776,1207998191,4,2,0.12,8138,975.516,0.143,0.033,0.324,22-5
1776,-1295262492,4,6,0.101,6647,668.258,0.082,0.013,0.404,22-5
1776,1207998167,4,3,0.089,10548,937.645,0.086,0.019,0.432,22-5
1776,-1207998122,4,6,0.115,4212,486.484,0.087,0.016,0.551,22-5
1746,1209850821,4,8,0.257,8421,2161.581,0.195,0.034,0.524,22-5
1776,1208241351,4,6,0.137,2446,335.29,0.14,0.012,0.258,22-5
1776,-1207998182,4,5,0.087,7753,673.774,0.082,0.021,0.609,22-5
1776,1208240546,4,5,0.096,6693,643.774,0.096,0.012,0.355,22-5
1773,-1197054689,4,8,0.16,7575,1211.613,0.123,0.019,0.5,22-5
1773,1197054664,4,8,0.123,8378,1028,0.114,0.018,0.453,22-5
1773,1292011997,4,11,0.158,11908,1883.903,0.113,0.02,0.576,22-5
1773,-1197055466,4,11,0.178,10168,1808.194,0.127,0.02,0.568,22-5
1714,-1126264279,4,6,0.235,804,189.194,0.228,0.032,0.332,22-5
1767,1209994497,4,4,0.153,4825,735.871,0.111,0.03,0.652,22-5
1714,1262656216,4,6,0.206,773,159.484,0.22,0.027,0.316,22-5
1767,-1210655035,4,6,0.095,2873,272.581,0.112,0.036,0.815,22-5
1767,1209994281,4,4,0.143,3303,473.613,0.193,0.05,0.551,22-5
1767,-1209994463,4,4,0.149,2347,349.419,0.17,0.043,0.58,22-5
1767,-1209994408,4,5,0.098,2916,285.29,0.121,0.034,0.738,22-5
1767,1209994418,4,6,0.112,2655,298.129,0.12,0.038,0.817,22-5
1767,1243606108,4,5,0.123,3295,405,0.115,0.031,0.659,22-5
1781,1213453851,4,4,0.104,5489,572.226,0.15,0.037,0.573,22-5
1781,1194479588,4,6,0.098,3800,374.194,0.093,0.005,0.124,22-5
1781,-1213448034,4,4,0.274,3542,970.484,0.2,0.05,0.521,22-5
1781,-1194479882,4,6,0.071,6826,486.613,0.073,0.007,0.233,22-5
1781,1213447931,4,7,0.139,9563,1331.032,0.117,0.015,0.357,22-5
1781,-1213447960,4,7,0.221,6103,1347.032,0.166,0.028,0.528,22-5
1778,-1255655515,4,7,0.1,3804,381.968,0.104,0.012,0.296,22-5
1778,1212584905,4,7,0.081,3988,323.484,0.068,0.01,0.413,22-5
1780,1189974031000,4,5,0.097,3954,384.194,0.094,0.009,0.234,22-5
1780,-1285377187000,4,5,0.164,2906,475.548,0.148,0.016,0.246,22-5
1780,-1189972619000,4,12,0.064,6635,425.871,0.071,0.009,0.461,22-5
1780,1189971634000,4,14,0.149,4232,629.161,0.112,0.019,0.595,22-5
1777,779501655,4,1,0.217,2034,441.452,0.217,0,0,22-5
1777,-779501655,4,1,0.264,1903,503.323,0.264,0,0,22-5
1777,-780224464,4,1,0.219,8688,1901.871,0.219,0,0,22-5
1777,780224464,4,1,0.235,10002,2355.323,0.235,0,0,22-5
1777,780224463,4,2,0.144,9117,1308.774,0.235,0.13,0.781,22-5
1777,-1204621319,4,1,0.323,6064,1960.871,0.323,0,0,22-5
1779,1091977049000,4,6,0.112,7303,816.613,0.101,0.007,0.202,22-5
1779,-1213404943000,4,6,0.18,4955,890.677,0.161,0.012,0.205,22-5
1782,1295627089,4,4,0.163,8813,1440.387,0.17,0.03,0.416,22-5
1779,1255636646000,4,15,0.13,6986,906.839,0.101,0.012,0.395,22-5
1782,-1154920975,4,4,0.194,7629,1479.387,0.164,0.043,0.561,22-5
1779,-1255412384000,4,15,0.16,4204,672.323,0.159,0.017,0.326,22-5
1782,744245131,4,7,0.232,7215,1671.161,0.191,0.028,0.426,22-5
1782,-1203514184,4,7,0.196,6648,1301.548,0.171,0.022,0.312,22-5
1775,1218177638000,4,2,0.198,4622,916.29,0.201,0.004,0.031,22-5
1775,-128090487000,4,5,0.241,3119,752.258,0.245,0.053,0.539,22-5
1775,-1218177843000,4,3,0.283,3759,1063.806,0.264,0.034,0.226,22-5
1783,1201350395,4,2,0.175,6897,1207.645,0.18,0.006,0.05,22-5
1775,1218175590000,4,7,0.304,2713,824.032,0.238,0.031,0.371,22-5
1783,-1027259720,4,3,0.199,11533,2298.71,0.217,0.025,0.214,22-5
1783,1027259719,4,4,0.128,6591,845.355,0.145,0.017,0.234,22-5
1783,-1201350394,4,2,0.246,9662,2377.774,0.209,0.053,0.356,22-5
1783,-1027259718,4,4,0.29,10448,3028.484,0.21,0.056,0.611,22-5
1783,905973304,4,4,0.336,6772,2277.484,0.217,0.081,0.814,22-5
1716,816882610,4,2,0.181,7707,1394.226,0.162,0.026,0.229,22-5
1716,-806965752,4,3,0.163,5223,850.516,0.135,0.028,0.419,22-5
1716,-1314352673,4,2,0.156,8283,1289.355,0.15,0.008,0.072,22-5
1716,820319388,4,3,0.157,3977,625.355,0.138,0.023,0.321,22-5
1791,-1197146220,4,3,0.153,7615,1162.355,0.187,0.031,0.311,22-5
1791,1128289090,4,6,0.164,7249,1192.065,0.147,0.051,0.933,22-5
1791,1197151400,4,3,0.162,7919,1282.323,0.138,0.03,0.414,22-5
1791,-116056058,4,7,0.217,4699,1021.903,0.144,0.035,0.741,22-5
1791,1197147038,4,7,0.145,7041,1023.548,0.121,0.029,0.685,22-5
1791,1198123381,4,8,0.152,5922,899.065,0.094,0.026,0.867,22-5
1791,-1156772868,4,6,0.276,5956,1643.032,0.172,0.054,0.8,22-5
1791,-1197143443,4,8,0.136,4949,670.871,0.117,0.035,0.936,22-5
1794,-906092347,4,12,0.208,2712,563.871,0.138,0.031,0.786,22-5
1794,1299011717,4,12,0.196,2138,418.613,0.166,0.024,0.442,22-5
1795,1255427025,4,2,0.114,2565,292.484,0.131,0.025,0.264,22-5
1795,-1255427024,4,2,0.114,3000,340.71,0.101,0.018,0.251,22-5
1795,-1255565926,4,3,0.085,3593,307.129,0.121,0.034,0.551,22-5
1795,1189815447,4,3,0.176,3576,629.097,0.134,0.042,0.632,22-5
1799,-106133265,4,2,0.059,12161,712.065,0.062,0.005,0.11,22-5
1799,1314227096,4,2,0.092,3452,316.677,0.094,0.003,0.038,22-5
1799,-1314227095,4,2,0.094,4367,410.677,0.08,0.02,0.352,22-5
1799,1308933319,4,2,0.091,9601,871.742,0.078,0.019,0.343,22-5
1799,-134908075,4,4,0.312,10551,3288.742,0.224,0.069,0.646,22-5
1799,134912191,4,4,0.264,10008,2642,0.215,0.071,0.651,22-5
1799,1308943817,4,8,0.128,14264,1821.935,0.139,0.024,0.585,22-5
1799,-837259295,4,8,0.192,10012,1923.742,0.177,0.024,0.427,22-5
1792,-1197272149,4,8,0.123,11064,1359.29,0.138,0.026,0.543,22-5
1792,-1197271196,4,7,0.172,10364,1786.387,0.134,0.022,0.473,22-5
1792,1211203028,4,7,0.177,8622,1522.258,0.154,0.018,0.279,22-5
1792,1197271989,4,8,0.177,11204,1985.355,0.16,0.034,0.605,22-5
1717,134907973,4,5,0.164,6413,1051.194,0.126,0.03,0.62,22-5
1785,1267028510,4,12,0.192,2996,575.839,0.239,0.035,0.437,22-5
1785,1203288118,4,12,0.141,5709,807.387,0.096,0.026,0.775,22-5
1785,-1295697152,4,18,0.213,6974,1487.323,0.129,0.024,0.814,22-5
1717,-1035193171,4,8,0.152,7922,1201.935,0.121,0.032,0.73,22-5
1785,38690001,4,18,0.129,7936,1022.032,0.104,0.012,0.362,22-5
1717,-106126526,4,9,0.121,6108,741.258,0.105,0.009,0.248,22-5
1797,-756753281000,4,3,0.085,6025,513.258,0.071,0.014,0.398,22-5
1797,-1172900058000,4,4,0.071,8553,608.484,0.052,0.014,0.582,22-5
1717,1314240371,4,8,0.135,6098,823.645,0.114,0.013,0.369,22-5
1797,818556575000,4,5,0.084,8108,679.484,0.084,0.005,0.136,22-5
1797,-1216877447000,4,2,0.062,12048,752.323,0.062,0.001,0.014,22-5
1797,1264672943000,4,3,0.052,6290,324.032,0.052,0.015,0.578,22-5
1797,19438614000,4,3,0.035,16959,593.484,0.036,0.007,0.384,22-5
1797,-1264668791000,4,5,0.066,9041,594.645,0.06,0.006,0.207,22-5
1718,797946386,4,2,0.191,7544,1441.548,0.18,0.016,0.128,22-5
1718,-849867768,4,2,0.226,7004,1583,0.192,0.048,0.353,22-5
1718,1226513575,4,1,0.216,1188,257.097,0.216,0,0,22-5
1718,801464697,4,2,0.161,2581,415.839,0.186,0.035,0.266,22-5
1718,801462555,4,2,0.29,3645,1058.484,0.344,0.076,0.312,22-5
1797,1235058626000,4,6,0.076,8771,667.129,0.062,0.008,0.339,22-5
1718,-797950133,4,2,0.139,7498,1044.226,0.173,0.048,0.393,22-5
1787,1204002890,4,2,0.148,10411,1537.613,0.148,0.001,0.009,22-5
1793,-1197542369,4,5,0.162,7628,1233.903,0.151,0.018,0.294,22-5
1793,1197535697,4,5,0.14,8893,1241.613,0.139,0.02,0.386,22-5
1787,-1204000270,4,2,0.151,12395,1871.419,0.136,0.021,0.216,22-5
1787,1204001807,4,4,0.179,7896,1411.806,0.141,0.033,0.494,22-5
1793,1197530042,4,9,0.11,7302,806.677,0.078,0.015,0.601,22-5
1807,125444152,4,1,0.219,25371,5546.742,0.219,0,0,22-5
1793,-1197528789,4,9,0.11,6921,758.065,0.081,0.018,0.558,22-5
1807,-125444150,4,1,0.205,27720,5671.387,0.205,0,0,22-5
1807,-125444153,4,2,0.229,28898,6612.355,0.17,0.083,0.693,22-5
1787,-1204004720,4,4,0.146,8206,1197.677,0.132,0.016,0.222,22-5
1807,1296698366,4,2,0.189,25064,4739.387,0.23,0.058,0.358,22-5
1805,949263371,4,2,0.204,15827,3227.935,0.17,0.047,0.394,22-5
1805,125342298,4,3,0.154,17129,2634.355,0.149,0.011,0.132,22-5
1805,-125342296,4,2,0.142,17802,2526.226,0.165,0.032,0.275,22-5
1805,-1070046971,4,4,0.124,19402,2411.645,0.116,0.02,0.41,22-5
1800,930792984,4,6,0.053,11709,621.129,0.055,0.01,0.494,22-5
1800,-755723123,4,6,0.056,15954,889,0.044,0.007,0.483,22-5
1800,1262764352,4,9,0.063,8054,510.258,0.062,0.005,0.224,22-5
1800,-1219350202,4,9,0.052,12984,668.839,0.048,0.006,0.375,22-5
1800,1262772695,4,15,0.032,8173,265.226,0.029,0.003,0.365,22-5
1800,-1240422360,4,15,0.056,6421,360.71,0.044,0.005,0.41,22-5
1800,931599426,4,17,0.034,8345,283.065,0.031,0.004,0.55,22-5
1800,-1219351272,4,17,0.067,5135,341.774,0.053,0.007,0.415,22-5
1803,-1165368476,4,1,0.199,1410,280.871,0.199,0,0,22-5
1803,110485710,4,1,0.169,1949,329.194,0.169,0,0,22-5
1803,-110485993,4,1,0.16,2513,401.871,0.16,0,0,22-5
1809,116995932,4,6,0.087,467,40.774,0.076,0.016,0.585,22-5
1809,-1121966388,4,6,0.109,381,41.484,0.089,0.021,0.55,22-5
1809,-1193675111,4,6,0.191,1414,270.161,0.099,0.055,1.376,22-5
1804,110485710,4,1,0.169,1949,329.194,0.169,0,0,22-5
1809,-1255019388,4,5,0.112,2352,263.226,0.121,0.006,0.136,22-5
1804,-777811342,4,1,0.184,1229,226.742,0.184,0,0,22-5
1809,1216552274,4,5,0.147,2982,437.516,0.125,0.016,0.309,22-5
1804,1238095895,4,1,0.098,4157,407.806,0.098,0,0,22-5
1812,-777811711000,4,1,0.181,1473,265.935,0.181,0,0,22-5
1812,1222126643000,4,2,0.242,1877,453.742,0.204,0.054,0.374,22-5
1812,-1222126642000,4,2,0.078,2400,187.161,0.089,0.015,0.241,22-5
1812,110450884000,4,3,0.076,2078,158.032,0.107,0.047,0.799,22-5
1809,1254936844,4,7,0.114,3655,417.677,0.092,0.017,0.527,22-5
1809,1121966383,4,6,0.168,1530,256.677,0.14,0.047,0.83,22-5
1812,123393497000,4,4,0.085,2171,185.032,0.096,0.038,0.892,22-5
1809,-1121966384,4,7,0.145,2493,361.581,0.155,0.022,0.416,22-5
1809,-1216552263,4,13,0.196,2695,527.903,0.133,0.025,0.733,22-5
1699,21766178,4,9,0.049,7754,383.161,0.052,0.006,0.39,22-5
1809,1124800754,4,13,0.142,2682,381.419,0.108,0.016,0.464,22-5
1811,1255283370,4,1,0.114,1088,123.871,0.114,0,0,22-5
1811,-1189779543,4,3,0.102,3948,403.097,0.1,0.01,0.187,22-5
1811,1255282963,4,3,0.124,3488,433,0.114,0.011,0.188,22-5
1811,-1284383901,4,4,0.09,4589,412.323,0.1,0.013,0.262,22-5
1811,-1255283370,4,1,0.124,1266,157.194,0.124,0,0,22-5
1699,-1281829497,4,9,0.057,5327,304.29,0.05,0.007,0.436,22-5
1811,1191370205,4,4,0.105,4464,469,0.099,0.016,0.33,22-5
1699,-1180601153,4,16,0.067,5730,385.935,0.048,0.011,0.683,22-5
1699,1282413168,4,16,0.046,9206,419.161,0.048,0.009,0.758,22-5
1816,1297485193,4,11,0.024,11205,264.806,0.014,0.003,0.833,22-5
1816,1002063458,4,9,0.033,5776,189.065,0.033,0.008,0.801,22-5
1816,-1001625252,4,11,0.035,5919,207.355,0.032,0.007,0.754,22-5
1816,1267460397,4,9,0.053,5066,270.258,0.033,0.008,0.814,22-5
1816,-1291722899,4,21,0.05,8572,426.871,0.047,0.002,0.193,22-5
1813,-821048664,4,9,0.169,3007,507.968,0.14,0.016,0.374,22-5
1813,-1298765812,4,9,0.124,3419,424.71,0.112,0.008,0.217,22-5
1816,-1210895566,4,23,0.072,9288,670.581,0.055,0.005,0.456,22-5
1816,1002063463,4,21,0.06,7997,475.839,0.053,0.003,0.233,22-5
1816,1291721186,4,23,0.044,9697,428.484,0.046,0.003,0.237,22-5
1819,-1291847006,4,2,0.1,1513,151.323,0.129,0.041,0.448,22-5
1819,1291847007,4,2,0.197,2306,455.258,0.148,0.07,0.665,22-5
1815,-1246044994,4,2,0.183,1629,298.032,0.191,0.011,0.08,22-5
1819,832584183,4,4,0.193,11162,2156.968,0.169,0.021,0.296,22-5
1815,-1184761230,4,1,0.339,605,204.839,0.339,0,0,22-5
1819,-1209989053,4,4,0.232,10820,2508.032,0.201,0.026,0.313,22-5
1815,1245999510,4,2,0.22,1194,263.065,0.214,0.008,0.056,22-5
1815,-91108555,4,2,0.11,3502,384.258,0.104,0.008,0.105,22-5
1815,91108556,4,2,0.202,2151,435.484,0.188,0.021,0.156,22-5
1820,1300351399,4,2,0.044,6512,285.71,0.076,0.045,0.84,22-5
1815,1229990303,4,7,0.175,1995,348.194,0.166,0.018,0.288,22-5
1820,-1300351398,4,3,0.117,4790,560.548,0.078,0.033,0.745,22-5
1819,1210182285,4,9,0.135,9055,1219.645,0.119,0.007,0.207,22-5
1819,1297775677,4,10,0.149,3682,548.548,0.139,0.011,0.241,22-5
1820,98077078,4,3,0.02,3281,64.806,0.021,0.01,0.931,22-5
1815,-1263208872,4,7,0.228,1841,420.097,0.199,0.021,0.279,22-5
1819,-1210182283,4,11,0.147,5261,774.548,0.119,0.014,0.365,22-5
1820,98077081,4,3,0.132,4044,531.903,0.091,0.043,0.95,22-5
1820,-98077079,4,3,0.059,4891,291,0.097,0.034,0.686,22-5
1819,-1291847468,4,11,0.136,10129,1375.839,0.132,0.005,0.1,22-5
1820,-18868798,4,3,0.055,5351,294.161,0.03,0.022,1.318,22-5
1814,115713651,4,4,0.313,3857,1207,0.352,0.118,0.789,22-5
1818,-1297491759,4,10,0.119,10513,1251,0.1,0.011,0.35,22-5
1818,1297489917,4,10,0.096,13832,1324.968,0.092,0.006,0.204,22-5
1818,1209392136,4,12,0.092,13260,1222.677,0.095,0.01,0.368,22-5
1818,-1209308234,4,12,0.15,10521,1573.645,0.109,0.016,0.56,22-5
1817,1209359447,4,9,0.107,14759,1572.258,0.08,0.014,0.486,22-5
1817,1209428323,4,5,0.095,15819,1506.29,0.086,0.011,0.282,22-5
1817,-743357177,4,4,0.082,18821,1547.419,0.087,0.006,0.155,22-5
1817,-1209359592,4,8,0.066,17219,1133,0.075,0.012,0.478,22-5
1823,-1275672932,4,4,0.204,11651,2379.194,0.21,0.028,0.324,22-5
1823,-109042547,4,4,0.257,11392,2927.161,0.232,0.035,0.31,22-5
1823,1275672853,4,4,0.296,10774,3192.839,0.229,0.046,0.428,22-5
1821,-982349373,4,13,0.042,11317,473.387,0.049,0.006,0.358,22-5
1823,105189067,4,4,0.188,11214,2110.065,0.191,0.019,0.236,22-5
1821,1056921108,4,14,0.081,11504,936.323,0.053,0.01,0.693,22-5
1821,-1264383342,4,18,0.075,8257,621.032,0.08,0.007,0.321,22-5
988,1219304546,4,6,0.166,5402,898.645,0.167,0.026,0.426,22-5
988,1262873149,4,11,0.07,10560,742.742,0.076,0.012,0.492,22-5
1821,-966461252,4,18,0.068,10263,701.968,0.067,0.006,0.378,22-5
988,-1220495551,4,14,0.117,12414,1453.742,0.074,0.014,0.76,22-5
1822,-1215141106,4,2,0.075,2850,213,0.063,0.017,0.373,22-5
1822,-1215090210,4,4,0.068,11541,780.129,0.064,0.005,0.174,22-5
988,-755202131,4,5,0.155,8710,1352.419,0.113,0.024,0.53,22-5
1822,1215141107,4,2,0.086,2206,189.581,0.086,0.001,0.01,22-5
1822,-1215141847,4,1,0.12,5183,620.323,0.12,0,0,22-5
1822,1215141847,4,1,0.152,6163,936.71,0.152,0,0,22-5
1822,-1215096172,4,4,0.063,10642,666.935,0.063,0.005,0.207,22-5
1830,-1188078556,4,5,0.125,1735,216.774,0.115,0.012,0.239,22-5
1830,108617999,4,5,0.193,1345,260.161,0.142,0.034,0.594,22-5
1831,1225613353,4,2,0.211,2280,480.774,0.167,0.062,0.521,22-5
1831,1225605149,4,6,0.211,5625,1189.323,0.144,0.033,0.606,22-5
1831,-1190581964,4,5,0.14,5879,825.323,0.126,0.013,0.263,22-5
1831,1230653801,4,9,0.175,3880,680.258,0.127,0.022,0.526,22-5
1831,-1192036331,4,3,0.136,4712,639.613,0.128,0.027,0.411,22-5
1826,1219314209,4,4,0.132,6092,802.484,0.082,0.033,0.848,22-5
1831,-867297071,4,8,0.252,2220,558.613,0.201,0.04,0.521,22-5
1826,755214852,4,5,0.116,14022,1620.484,0.106,0.031,0.699,22-5
1826,-913494117,4,4,0.171,13452,2302.548,0.126,0.037,0.619,22-5
1826,-755214846,4,4,0.108,5267,570.065,0.111,0.049,1.021,22-5
1826,1219316089,4,6,0.127,11102,1405.355,0.124,0.012,0.26,22-5
1826,-1219477788,4,5,0.099,14730,1454.387,0.103,0.007,0.161,22-5
1854,-1217023541,4,9,0.056,2791,157.097,0.052,0.007,0.408,22-5
1854,1310403593,4,9,0.087,2520,218.355,0.061,0.013,0.64,22-5
1854,-1311132808,4,11,0.119,2554,304.387,0.09,0.022,0.7,22-5
1854,1216910952,4,11,0.136,2668,362.129,0.093,0.025,0.79,22-5
1827,1034904511,4,7,0.259,4197,1089.065,0.184,0.039,0.611,22-5
1827,-1220683796,4,7,0.211,2743,578.387,0.199,0.042,0.65,22-5
1853,1150596253,4,7,0.224,3897,874.548,0.228,0.029,0.326,22-5
1853,-1150596256,4,9,0.232,4750,1100.968,0.216,0.021,0.253,22-5
1853,-1150596254,4,10,0.148,5880,868.774,0.171,0.025,0.522,22-5
1853,-1278252496,4,7,0.241,4366,1050.29,0.19,0.025,0.442,22-5
1853,1278252499,4,9,0.17,6462,1097.71,0.151,0.015,0.262,22-5
1853,857274188,4,10,0.18,5588,1003.935,0.176,0.028,0.51,22-5
1853,1150596251,4,15,0.184,6004,1105.677,0.193,0.029,0.437,22-5
1859,-1278148904,4,12,0.183,1965,359.032,0.112,0.048,1.3,22-5
1859,-1194182979,4,12,0.224,1171,261.742,0.21,0.022,0.352,22-5
1853,-1278248251,4,15,0.155,7179,1113.452,0.164,0.024,0.474,22-5
1859,1150547839,4,12,0.024,2720,65.871,0.071,0.03,1.343,22-5
1859,1278148921,4,12,0.26,1633,424.355,0.189,0.029,0.498,22-5
1860,-1209265172,4,6,0.146,8817,1287.548,0.13,0.022,0.414,22-5
1860,125108484,4,6,0.116,10787,1254.29,0.134,0.018,0.326,22-5
1860,1292357879,4,5,0.117,8549,999.871,0.145,0.028,0.421,22-5
1860,-1209271462,4,7,0.148,9495,1407.452,0.144,0.025,0.45,22-5
1834,-1205035713,4,9,0.016,5478,86.677,0.045,0.014,0.983,22-5
1839,115882991,4,5,0.056,712,39.677,0.095,0.028,0.712,22-5
1839,-98110561,4,5,0.14,698,98,0.119,0.024,0.502,22-5
1834,753893002,4,9,0.07,4676,325.097,0.045,0.021,1.339,22-5
1839,-115917076,4,1,0.134,1379,184.194,0.134,0,0,22-5
1839,115917076,4,1,0.08,1239,99.161,0.08,0,0,22-5
1845,-1202559630000,4,7,0.079,3086,245.194,0.082,0.009,0.31,22-5
1845,1238349053000,4,5,0.161,2388,384.452,0.143,0.02,0.323,22-5
1845,-1202559192000,4,5,0.15,2717,407.742,0.127,0.015,0.329,22-5
1845,1202559633000,4,8,0.076,3511,265.258,0.073,0.009,0.381,22-5
1835,1121760279,4,6,0.092,6666,614.419,0.104,0.023,0.502,22-5
1856,108763452,4,3,0.296,3301,976.484,0.204,0.08,0.703,22-5
1835,-1291678670,4,6,0.174,4061,708.613,0.165,0.022,0.334,22-5
1856,-735859557,4,3,0.263,1703,447.806,0.303,0.08,0.479,22-5
1843,134810637000,4,1,0.227,3431,779.903,0.227,0,0,22-5
1843,-958054786000,4,2,0.043,5064,216.968,0.113,0.099,1.239,22-5
1843,-777812805000,4,1,0.279,1946,542.871,0.279,0,0,22-5
1835,-1121766199,4,13,0.114,5337,610.032,0.115,0.015,0.483,22-5
1835,1183441281,4,13,0.193,2574,497.097,0.209,0.022,0.384,22-5
1843,-1202561127000,4,4,0.184,3370,621.065,0.181,0.029,0.389,22-5
1843,1202659737000,4,7,0.194,3198,619.742,0.173,0.019,0.314,22-5
1836,-1114888719,4,5,0.07,13548,946.065,0.064,0.012,0.409,22-5
1836,1209315291,4,5,0.101,11266,1143.452,0.08,0.014,0.394,22-5
1857,-1220030502,4,3,0.151,12971,1955.419,0.178,0.026,0.29,22-5
1843,-18867618000,4,11,0.146,4639,676.097,0.154,0.019,0.358,22-5
1857,1220057389,4,2,0.148,16078,2381.065,0.155,0.009,0.084,22-5
1857,1219928181,4,4,0.168,14330,2407.129,0.147,0.021,0.313,22-5
1857,1220031107,4,2,0.157,15609,2450.097,0.161,0.006,0.052,22-5
1857,1220039651,4,1,0.188,15492,2912.581,0.188,0,0,22-5
1836,762825173,4,11,0.077,11237,866.355,0.081,0.005,0.227,22-5
1857,854356611,4,7,0.187,3924,735.226,0.159,0.027,0.485,22-5
1836,-1209379089,4,11,0.101,8587,863.452,0.1,0.005,0.158,22-5
1857,-1220030977,4,5,0.156,16546,2576.194,0.124,0.027,0.483,22-5
1857,-1220039441,4,4,0.188,14868,2790.548,0.142,0.032,0.472,22-5
1154,854356611,4,7,0.187,3924,735.226,0.159,0.027,0.485,22-5
1154,1220057389,4,2,0.148,16078,2381.065,0.155,0.009,0.084,22-5
1154,-1220039441,4,4,0.188,14868,2790.548,0.142,0.032,0.472,22-5
1846,-101074260,4,4,0.107,2209,235.774,0.073,0.025,0.781,22-5
1846,-1070603088,4,3,0.331,1454,481.871,0.236,0.086,0.713,22-5
1846,1170759335,4,4,0.068,3032,206.323,0.057,0.019,0.731,22-5
1846,-1204402105,4,3,0.156,2402,375.065,0.152,0.023,0.298,22-5
1846,101074226,4,3,0.058,5782,334.323,0.06,0.021,0.714,22-5
1846,-1128731698,4,4,0.116,2221,258.323,0.116,0.02,0.426,22-5
1846,1204400894,4,3,0.128,2259,288.645,0.141,0.019,0.244,22-5
1154,-1220048629,4,7,0.199,3624,721.742,0.202,0.026,0.397,22-5
1857,-1220048629,4,7,0.199,3624,721.742,0.202,0.026,0.397,22-5
1864,-926422307,4,4,0.19,5837,1111.774,0.136,0.041,0.728,22-5
1864,1058939514,4,3,0.287,4524,1299.29,0.227,0.071,0.608,22-5
1864,-1237031532,4,3,0.126,5074,638.032,0.118,0.024,0.393,22-5
1864,-99142532,4,3,0.115,8805,1008.581,0.101,0.031,0.563,22-5
1864,1212265952,4,5,0.134,6169,827.323,0.111,0.019,0.434,22-5
1864,1255042472,4,3,0.158,6305,995.484,0.123,0.037,0.589,22-5
1864,-1074995021,4,5,0.187,4264,798.742,0.126,0.04,0.784,22-5
1862,1230187079,4,5,0.276,644,177.677,0.188,0.059,0.74,22-5
1864,1212311479,4,6,0.189,5357,1011.097,0.136,0.034,0.673,22-5
1862,1230187717,4,5,0.187,713,133.484,0.174,0.046,0.642,22-5
1837,-31403673,4,6,0.096,1253,120.645,0.084,0.013,0.364,22-5
1837,-1209364095,4,3,0.231,5956,1373.516,0.196,0.035,0.361,22-5
1837,826627718,4,3,0.193,4662,902.065,0.215,0.021,0.192,22-5
1837,826627719,4,6,0.088,1961,173.097,0.071,0.014,0.46,22-5
1837,1310967466,4,7,0.127,1719,219.129,0.101,0.023,0.522,22-5
1837,-1209389282,4,7,0.099,1723,170.613,0.065,0.02,0.812,22-5
1837,-1291677360,4,10,0.179,5188,926.355,0.162,0.02,0.377,22-5
1863,-1199845387,4,1,0.3,1151,345.613,0.3,0,0,22-5
1863,1199845387,4,1,0.304,1312,399.065,0.304,0,0,22-5
1837,-1209373594,4,10,0.189,3678,695.645,0.183,0.019,0.311,22-5
1101,36314152,4,8,0.192,274,52.71,0.23,0.098,1.306,22-5
1101,-117300887,4,5,0.133,519,69.194,0.191,0.039,0.522,22-5
1101,-1000680530,4,1,0.349,1609,561.226,0.349,0,0,22-5
1848,1220491153,4,9,0.08,9005,723.258,0.054,0.018,0.86,22-5
1848,-1187711117,4,9,0.264,2851,751.516,0.158,0.044,0.908,22-5
1848,1004871805,4,2,0.081,15490,1251.129,0.075,0.008,0.16,22-5
1848,-1229451451,4,2,0.047,21013,992.613,0.045,0.003,0.109,22-5
1101,1255322029,4,4,0.21,803,168.355,0.217,0.009,0.091,22-5
1101,-966245932,4,8,0.252,335,84.387,0.126,0.054,1.329,22-5
1867,-812654407,4,17,0.087,3709,324.355,0.071,0.008,0.352,22-5
1867,1211933268,4,17,0.089,4020,356.065,0.072,0.006,0.325,22-5
1883,-1203986074,4,4,0.125,6149,767.387,0.144,0.023,0.289,22-5
1883,826730807,4,5,0.239,6187,1477.484,0.161,0.049,0.784,22-5
1883,826730814,4,6,0.133,12766,1693.581,0.095,0.019,0.553,22-5
1883,1203985730,4,5,0.162,6992,1132.226,0.159,0.026,0.404,22-5
1883,-1295657797,4,6,0.08,14213,1130.194,0.086,0.008,0.221,22-5
1883,-826730803,4,7,0.199,8479,1691.161,0.146,0.026,0.556,22-5
1865,1212172897000,4,5,0.084,3352,283.032,0.073,0.009,0.282,22-5
1883,-827869378,4,14,0.098,10693,1046.742,0.078,0.009,0.427,22-5
1883,1299190512,4,14,0.093,9477,884.29,0.087,0.006,0.233,22-5
1865,-1212169806000,4,5,0.155,3613,558.387,0.102,0.031,0.722,22-5
1874,-1223724164,4,2,0.325,9626,3133.129,0.299,0.037,0.176,22-5
1874,106863128,4,3,0.19,10137,1927.226,0.202,0.016,0.15,22-5
1874,-791151826,4,3,0.266,9760,2592.258,0.226,0.034,0.283,22-5
1874,781983840,4,2,0.276,10664,2939,0.288,0.018,0.088,22-5
1878,-115966660,4,4,0.112,3180,354.839,0.128,0.03,0.536,22-5
1878,782722461,4,5,0.205,1831,375.516,0.193,0.028,0.368,22-5
1849,1220802947,4,1,0.32,1229,393.452,0.32,0,0,22-5
1849,-1220803138,4,2,0.128,2444,313.419,0.138,0.014,0.144,22-5
1849,-1220802888,4,1,0.114,1402,159.613,0.114,0,0,22-5
1849,-1220804179,4,5,0.063,4213,263.806,0.066,0.013,0.517,22-5
1849,1220804584,4,5,0.306,1168,356.903,0.266,0.028,0.299,22-5
1850,1290418883,4,5,0.159,2083,330.29,0.175,0.016,0.202,22-5
1850,1215947781,4,6,0.25,812,202.871,0.238,0.011,0.127,22-5
1850,-1227089842,4,5,0.069,4565,312.71,0.063,0.009,0.372,22-5
1850,-1187177558,4,6,0.215,1127,242.226,0.204,0.015,0.166,22-5
1850,1186941473,4,5,0.073,5058,370.419,0.06,0.009,0.419,22-5
1878,1299283813,4,7,0.157,4416,693.194,0.14,0.023,0.38,22-5
1878,828842659,4,4,0.201,3647,734,0.16,0.041,0.525,22-5
1878,1295824377,4,4,0.127,5360,680.065,0.139,0.03,0.5,22-5
1878,828842655,4,4,0.146,2732,397.968,0.144,0.028,0.473,22-5
1878,-828842660,4,5,0.161,2943,473.065,0.144,0.024,0.398,22-5
1872,-1212305019,4,6,0.068,943,64.258,0.059,0.008,0.363,22-5
1878,-828842656,4,7,0.247,4022,992.677,0.172,0.04,0.645,22-5
1872,1192258601,4,6,0.053,1045,55.903,0.048,0.004,0.23,22-5
1872,1237508980,4,3,0.16,6272,1005.581,0.183,0.021,0.213,22-5
1872,-1212306315,4,3,0.218,5227,1140.161,0.201,0.028,0.25,22-5
1872,-1212310629,4,6,0.221,5658,1249.516,0.187,0.034,0.398,22-5
1872,117307160,4,6,0.166,5268,872.742,0.186,0.035,0.469,22-5
1869,117304537,4,1,0.1,2233,223.419,0.1,0,0,22-5
1869,117304530,4,1,0.064,1748,111.258,0.064,0,0,22-5
1869,-117304537,4,2,0.12,3830,459.581,0.112,0.012,0.15,22-5
1869,18629281,4,2,0.129,3432,444.323,0.075,0.078,1.472,22-5
1869,-36312937,4,2,0.077,1379,106.226,0.121,0.063,0.73,22-5
1869,18618084,4,1,0.269,1200,322.516,0.269,0,0,22-5
1869,-18618086,4,1,0.179,1466,262.129,0.179,0,0,22-5
1869,-18618084,4,1,0.122,2033,248.581,0.122,0,0,22-5
1869,1124923234,4,6,0.164,1095,179.129,0.118,0.033,0.75,22-5
1869,-1212579321,4,6,0.056,1230,68.387,0.061,0.026,1.177,22-5
1869,-966260808,4,8,0.187,435,81.387,0.21,0.123,1.747,22-5
1870,-1215163791,4,4,0.071,11302,802.226,0.071,0.01,0.346,22-5
1870,-1215155748,4,3,0.093,11155,1040.258,0.078,0.016,0.396,22-5
1870,-1056815285,4,5,0.071,14145,1000.806,0.068,0.003,0.113,22-5
1869,-1212578990,4,13,0.228,1909,436.194,0.156,0.026,0.607,22-5
1869,1255580863,4,13,0.166,1651,273.645,0.16,0.025,0.566,22-5
1870,1215176536,4,3,0.086,9776,843.774,0.079,0.016,0.37,22-5
1870,1215163150,4,4,0.09,6365,572.774,0.095,0.014,0.339,22-5
1870,1215151848,4,7,0.087,12815,1110.968,0.069,0.018,0.648,22-5
1871,907070903,4,4,0.187,10017,1873.677,0.197,0.062,0.769,22-5
1870,708326683,4,10,0.074,5930,441.226,0.061,0.023,1.168,22-5
1871,-117286653,4,4,0.282,10090,2842.677,0.206,0.062,0.735,22-5
1871,-1222244717,4,3,0.163,15863,2593.161,0.161,0.054,0.672,22-5
1871,90774229,4,3,0.306,10750,3291.032,0.226,0.079,0.702,22-5
1870,-1215156207,4,10,0.061,6353,387.484,0.068,0.01,0.397,22-5
1866,-1223106220,4,5,0.094,8293,778.935,0.105,0.018,0.416,22-5
1866,1264653406,4,5,0.079,12473,981.774,0.075,0.014,0.442,22-5
1875,127011370,4,1,0.298,11395,3398.903,0.298,0,0,22-5
1875,-127011370,4,1,0.279,12121,3384.677,0.279,0,0,22-5
1875,127011374,4,2,0.224,7618,1704.323,0.206,0.025,0.173,22-5
1875,-127011373,4,2,0.221,8101,1792.71,0.213,0.012,0.077,22-5
1881,1267692544,4,2,0.223,13889,3090.968,0.273,0.072,0.371,22-5
1881,-127876654,4,1,0.348,12134,4222.484,0.348,0,0,22-5
1881,127876654,4,1,0.312,13298,4144.419,0.312,0,0,22-5
1876,-38685656,4,8,0.121,5896,715.871,0.1,0.015,0.44,22-5
1876,828740650,4,8,0.109,5462,592.742,0.108,0.015,0.415,22-5
1877,-792824735,4,4,0.306,6081,1859.194,0.232,0.049,0.433,22-5
1877,126934123,4,4,0.206,7472,1539.742,0.213,0.053,0.583,22-5
1887,-1035099000,4,4,0.132,3860,508.226,0.145,0.01,0.155,22-5
1887,42606957,4,5,0.132,4768,627.032,0.115,0.014,0.301,22-5
1889,1034904511,4,7,0.259,4197,1089.065,0.184,0.039,0.611,22-5
1889,-1220683796,4,7,0.211,2743,578.387,0.199,0.042,0.65,22-5
1892,-43014340,4,1,0.088,5276,462.387,0.088,0,0,22-5
1892,43014340,4,2,0.199,2919,579.742,0.213,0.02,0.134,22-5
1892,-1215097245,4,2,0.244,3086,754.323,0.17,0.106,0.88,22-5
1892,1122953201,4,7,0.106,5252,554.419,0.11,0.025,0.629,22-5
1892,-1215096576,4,7,0.205,3094,634.968,0.172,0.043,0.681,22-5
1235,1127118394,4,5,0.134,2920,391.613,0.158,0.031,0.493,22-5
1235,-127097797,4,5,0.188,2629,493.871,0.169,0.035,0.494,22-5
1235,-1127120777,4,6,0.094,6747,635.581,0.141,0.04,0.682,22-5
1235,104937471,4,6,0.217,4309,936.581,0.225,0.072,0.853,22-5
1237,-109875245,4,2,0.194,33049,6416.452,0.154,0.057,0.523,22-5
1237,1066161107,4,6,0.147,19408,2850.968,0.132,0.014,0.239,22-5
1237,-1247845489,4,4,0.153,20123,3085.581,0.138,0.017,0.28,22-5
1896,1188185300,4,2,0.133,4914,651.581,0.141,0.011,0.115,22-5
1237,102411324,4,5,0.172,23460,4042.548,0.158,0.062,0.965,22-5
1896,-1188275172,4,2,0.21,3425,719.806,0.184,0.037,0.285,22-5
1896,1188130992,4,5,0.247,1477,365.226,0.202,0.035,0.379,22-5
1896,-1188566742,4,3,0.133,3793,505.194,0.165,0.028,0.317,22-5
1237,-1247807338,4,9,0.096,12215,1174.806,0.092,0.015,0.585,22-5
1237,1070164840,4,9,0.086,9670,827.484,0.083,0.012,0.539,22-5
1896,43015565,4,3,0.233,2641,616.161,0.205,0.047,0.398,22-5
1896,-1188189641,4,4,0.274,1175,321.645,0.268,0.039,0.346,22-5
1896,1188189644,4,4,0.168,1953,327.419,0.152,0.027,0.398,22-5
1896,-1188199470,4,5,0.13,1801,233.516,0.141,0.019,0.326,22-5
1900,1219802629,4,2,0.089,7035,627.742,0.084,0.007,0.12,22-5
1900,-1219802628,4,2,0.109,5820,634.968,0.114,0.007,0.09,22-5
1900,-1219976091,4,7,0.184,4895,900.581,0.134,0.028,0.647,22-5
1897,-18876285,4,1,0.246,2225,547.613,0.246,0,0,22-5
1900,1219800873,4,7,0.205,4750,971.387,0.155,0.035,0.623,22-5
1897,-1210290245,4,1,0.043,1523,65.71,0.043,0,0,22-5
1897,1076993976,4,3,0.096,8372,803.452,0.12,0.035,0.532,22-5
1897,-1210290261,4,2,0.215,3682,790.258,0.181,0.047,0.37,22-5
1897,-1210290302,4,5,0.249,5343,1330.065,0.176,0.054,0.784,22-5
1897,716561321,4,5,0.138,8517,1175.355,0.109,0.03,0.653,22-5
754,-115918071,4,1,0.011,3782,43.484,0.011,0,0,22-5
754,-42995292,4,1,0.075,3383,253.387,0.075,0,0,22-5
754,-743794705,4,5,0.054,7782,423.516,0.058,0.005,0.191,22-5
754,1213924414,4,5,0.066,10431,689.452,0.053,0.008,0.348,22-5
754,-1213924406,4,5,0.073,7410,539.29,0.062,0.006,0.257,22-5
754,1213995158,4,4,0.057,9350,535.548,0.06,0.007,0.271,22-5
754,43005852,4,5,0.068,1764,119.677,0.054,0.01,0.466,22-5
754,-43013857,4,9,0.076,3362,255.71,0.053,0.015,0.821,22-5
754,1213901500,4,5,0.048,10740,510.452,0.05,0.01,0.473,22-5
754,-1200044785,4,4,0.057,7075,405.903,0.059,0.006,0.245,22-5
754,-43005946,4,5,0.048,4469,214.032,0.055,0.013,0.558,22-5
1003,1204337164,4,4,0.077,3211,246.323,0.079,0.03,0.871,22-5
1003,-98157111,4,4,0.214,1740,372.806,0.146,0.047,0.701,22-5
754,-1213924301,4,5,0.1,4600,459.226,0.083,0.015,0.359,22-5
1099,-1244016899,4,6,0.245,6992,1710.258,0.143,0.052,0.949,22-5
1102,1244016608,4,3,0.268,1617,432.71,0.256,0.021,0.14,22-5
1102,-1244016603,4,3,0.313,1100,344.032,0.329,0.017,0.102,22-5
1099,1244016877,4,6,0.055,20513,1127.935,0.05,0.015,0.824,22-5
1102,1244019046,4,6,0.256,2093,536.677,0.211,0.036,0.41,22-5
1102,-1244016628,4,6,0.282,1796,506.742,0.308,0.06,0.459,22-5
1099,108687809,4,9,0.067,7927,529.742,0.064,0.01,0.48,22-5
1099,-1244020701,4,9,0.066,8625,568.774,0.057,0.011,0.675,22-5
1103,1244019087,4,4,0.192,3897,749.871,0.168,0.02,0.256,22-5
1103,-1243174293,4,5,0.198,3888,768.548,0.193,0.024,0.315,22-5
1103,-1240606428,4,4,0.223,6073,1352.871,0.195,0.025,0.268,22-5
1103,-1244018955,4,6,0.288,2177,626.935,0.235,0.046,0.439,22-5
1103,-1244020724,4,4,0.138,4361,601.903,0.166,0.033,0.444,22-5
1103,737286303,4,3,0.182,4339,789.032,0.16,0.019,0.225,22-5
1105,1244052634,4,1,0.163,1365,222.258,0.163,0,0,22-5
1103,-1244018708,4,8,0.144,4198,602.613,0.138,0.012,0.211,22-5
1103,1243174351,4,6,0.321,3105,997.516,0.251,0.038,0.425,22-5
1103,737286304,4,8,0.32,2860,914.677,0.239,0.043,0.5,22-5
1107,846847204,4,3,0.221,4467,986.419,0.195,0.024,0.248,22-5
1106,-829794317,4,7,0.164,4167,685.226,0.146,0.012,0.229,22-5
1107,1244016824,4,4,0.267,3793,1013.032,0.237,0.041,0.379,22-5
1106,1244065151,4,7,0.129,3166,408.839,0.164,0.028,0.486,22-5
1108,-1245801169,4,6,0.165,4849,802.194,0.164,0.024,0.453,22-5
1108,1244017844,4,6,0.209,5596,1168.484,0.17,0.029,0.447,22-5
1109,-1230722909,4,5,0.202,3483,703.355,0.198,0.022,0.27,22-5
1109,-1230722882,4,2,0.143,5426,775.71,0.22,0.108,0.698,22-5
1108,1244019514,4,9,0.144,4269,613.839,0.151,0.027,0.577,22-5
1108,-1244019742,4,9,0.199,4837,964.355,0.178,0.037,0.652,22-5
1108,1244017969,4,9,0.207,5501,1138.806,0.148,0.032,0.669,22-5
1109,721102587,4,6,0.118,17635,2078.161,0.082,0.026,0.85,22-5
1108,-1244017754,4,9,0.162,3984,645.032,0.136,0.027,0.612,22-5
1109,-1230722913,4,5,0.229,2631,601.871,0.225,0.011,0.125,22-5
1109,1230722900,4,9,0.243,3459,839.645,0.214,0.033,0.438,22-5
1109,1230722918,4,5,0.246,2768,681.226,0.265,0.034,0.347,22-5
1112,1244053741,4,2,0.142,6685,948.323,0.131,0.015,0.159,22-5
1112,-1244053740,4,2,0.114,9852,1120.645,0.123,0.013,0.147,22-5
1109,1232508866,4,5,0.325,2117,688.323,0.335,0.011,0.078,22-5
1112,1244055242,4,3,0.148,5907,875.032,0.133,0.02,0.282,22-5
1112,-1244054994,4,3,0.139,7074,985.839,0.151,0.013,0.167,22-5
1115,-946486108,4,2,0.282,16074,4537.935,0.238,0.063,0.377,22-5
1109,-1232508725,4,11,0.218,4315,939.839,0.217,0.025,0.413,22-5
1115,946486109,4,1,0.195,24233,4719.323,0.195,0,0,22-5
1116,-715154766,4,1,0.259,3736,968.226,0.259,0,0,22-5
1116,715154766,4,1,0.181,5976,1081.452,0.181,0,0,22-5
1116,123376714,4,2,0.116,3947,459.355,0.118,0.002,0.029,22-5
1115,1152819757,4,4,0.206,17007,3505.226,0.156,0.037,0.546,22-5
1116,-98021160,4,2,0.103,5347,550.452,0.096,0.01,0.155,22-5
1109,1244053157,4,11,0.282,3649,1029.742,0.228,0.037,0.467,22-5
1115,-127870559,4,6,0.141,18695,2642.903,0.14,0.031,0.584,22-5
1120,134821919,4,7,0.201,5943,1194.194,0.149,0.03,0.537,22-5
1120,-947298640,4,7,0.16,4642,741.742,0.184,0.049,0.732,22-5
1118,1210417022,4,2,0.303,1845,559.161,0.317,0.019,0.087,22-5
1118,-98321357,4,4,0.172,4434,761.29,0.123,0.036,0.648,22-5
1118,-18891704,4,2,0.163,5139,836.032,0.162,0.001,0.005,22-5
1118,1210392753,4,4,0.094,4828,455.258,0.12,0.034,0.587,22-5
1118,864516835,4,2,0.16,4485,715.548,0.154,0.008,0.072,22-5
1118,-1132808249,4,2,0.237,2178,516.742,0.218,0.028,0.18,22-5
1124,101655431,4,4,0.133,5043,672.387,0.14,0.012,0.174,22-5
1124,-1230188252,4,4,0.09,7440,669.129,0.087,0.009,0.209,22-5
1125,-1230188609,4,3,0.212,3222,683.968,0.149,0.055,0.658,22-5
1125,1230188616,4,3,0.167,8588,1433.71,0.156,0.029,0.346,22-5
1125,1230188654,4,4,0.163,3667,598.419,0.115,0.034,0.687,22-5
1125,1230188622,4,4,0.146,8792,1285.806,0.129,0.023,0.383,22-5
1125,-1230188696,4,4,0.143,3694,529.129,0.136,0.019,0.319,22-5
1125,-1230188686,4,3,0.185,7225,1338.065,0.149,0.033,0.438,22-5
1125,-1201847337,4,4,0.148,9345,1383.548,0.113,0.026,0.558,22-5
1124,-1230325645,4,8,0.102,8566,870.484,0.08,0.014,0.457,22-5
1125,1230188968,4,3,0.226,2023,457.355,0.232,0.013,0.103,22-5
1124,1230188283,4,8,0.079,9914,783.774,0.077,0.011,0.459,22-5
1127,1148935798,4,1,0.226,5274,1190.548,0.226,0,0,22-5
1127,-1242177316,4,1,0.147,6386,939.065,0.147,0,0,22-5
1127,1241728839,4,1,0.095,7671,726.968,0.095,0,0,22-5
1127,1241728838,4,3,0.217,7272,1580.258,0.169,0.052,0.612,22-5
1127,-108607147,4,2,0.099,6896,685.581,0.093,0.01,0.147,22-5
1127,-128094913,4,4,0.242,1133,274.323,0.309,0.109,0.786,22-5
1127,-1242177319,4,4,0.18,7991,1434.806,0.148,0.027,0.418,22-5
1127,1242098653,4,4,0.25,1404,350.839,0.199,0.039,0.472,22-5
1127,18597269,4,4,0.191,5982,1143.903,0.157,0.027,0.387,22-5
1127,-1242092496,4,5,0.159,7692,1225.032,0.119,0.024,0.505,22-5
1128,-1207900524,4,7,0.128,2434,311.581,0.104,0.043,1.109,22-5
1128,1238092080,4,7,0.078,4205,329.774,0.063,0.026,1.024,22-5
1128,-1238092036,4,8,0.115,5519,633.581,0.093,0.028,0.798,22-5
1128,98033606,4,8,0.061,5959,361.258,0.072,0.021,0.875,22-5
1131,-1016449973,4,2,0.23,2777,639.71,0.206,0.035,0.239,22-5
1131,1016449974,4,2,0.178,2885,513.871,0.18,0.003,0.021,22-5
1131,-1016443567,4,6,0.187,4933,923.581,0.145,0.035,0.542,22-5
1131,1016439250,4,6,0.263,3265,858.871,0.199,0.053,0.621,22-5
1131,-1016443572,4,7,0.154,10786,1659.226,0.132,0.022,0.372,22-5
1131,46824847,4,7,0.2,6326,1266.355,0.208,0.031,0.356,22-5
1131,1016449975,4,9,0.153,8345,1275.29,0.133,0.024,0.459,22-5
1131,-1016428667,4,9,0.146,10331,1503.161,0.11,0.02,0.473,22-5
1132,-1208375669,4,4,0.153,10066,1538.484,0.145,0.046,0.692,22-5
1132,1208629139,4,3,0.281,7194,2018.226,0.186,0.082,0.761,22-5
1132,-1208384300,4,8,0.129,6411,823.935,0.144,0.04,0.894,22-5
1132,1208378084,4,9,0.28,4748,1331.645,0.176,0.047,0.848,22-5
1132,-1208383374,4,8,0.208,4499,934.871,0.149,0.025,0.511,22-5
1132,1208383396,4,8,0.131,6789,890.581,0.129,0.008,0.168,22-5
1132,-744513099,4,11,0.214,12434,2659.871,0.14,0.026,0.673,22-5
1132,1208375663,4,11,0.157,12293,1924.968,0.138,0.016,0.382,22-5
1136,-1270821884,4,8,0.168,2269,380.258,0.121,0.023,0.603,22-5
1136,749358526,4,8,0.165,1435,236.194,0.169,0.021,0.383,22-5
1136,-740979735,4,9,0.17,2853,484.935,0.146,0.023,0.492,22-5
1136,-1268307466,4,9,0.094,3380,316.323,0.108,0.012,0.311,22-5
1138,-1208916039,4,8,0.311,3126,970.677,0.309,0.031,0.301,22-5
1138,-1208888342,4,8,0.2,9017,1799.581,0.193,0.038,0.528,22-5
1138,1208880232,4,9,0.293,4089,1199.516,0.269,0.036,0.432,22-5
1138,1272483690,4,7,0.222,8608,1910.903,0.16,0.035,0.556,22-5
1138,-1208948536,4,8,0.137,12521,1711.613,0.106,0.015,0.403,22-5
1138,1208745330,4,7,0.262,10452,2736.226,0.177,0.039,0.645,22-5
1138,-1208888345,4,12,0.27,6235,1681.419,0.238,0.038,0.562,22-5
1139,-1272522509,4,5,0.209,6106,1278.581,0.185,0.026,0.3,22-5
1138,1164693985,4,13,0.321,3625,1162.806,0.341,0.054,0.641,22-5
1139,1208776429,4,5,0.13,7747,1005.935,0.15,0.018,0.256,22-5
1140,-1208390452,4,2,0.255,2079,530.613,0.259,0.006,0.03,22-5
1140,1208390433,4,2,0.177,4274,757.484,0.167,0.015,0.124,22-5
1140,1208390486,4,3,0.113,8532,966.806,0.105,0.01,0.193,22-5
1140,-115937688,4,3,0.1,8175,815.935,0.102,0.003,0.061,22-5
1140,1269677435,4,7,0.156,5136,799.774,0.12,0.019,0.448,22-5
1140,-1208390424,4,7,0.167,4884,813.903,0.135,0.019,0.363,22-5
1139,-1208723752,4,10,0.205,6489,1328.161,0.199,0.022,0.336,22-5
1139,1272522346,4,10,0.191,6965,1332.387,0.166,0.017,0.313,22-5
1142,-1070552707,4,5,0.196,2288,449.355,0.171,0.032,0.406,22-5
1142,-123270159,4,6,0.155,1700,263.452,0.123,0.028,0.567,22-5
1142,1057736327,4,6,0.098,1829,179.032,0.129,0.02,0.361,22-5
1141,1278079695,4,10,0.152,2280,346.226,0.123,0.017,0.459,22-5
1141,1172595864,4,10,0.105,2724,285.903,0.1,0.012,0.371,22-5
1142,103335368,4,5,0.214,2115,452.613,0.17,0.025,0.376,22-5
1143,1068022148,4,8,0.182,7796,1418.161,0.116,0.03,0.799,22-5
1143,1208775362,4,11,0.066,9013,591.258,0.086,0.022,0.795,22-5
1143,-1278378538,4,8,0.185,3350,618.935,0.176,0.027,0.408,22-5
1143,-1054192228,4,11,0.094,10104,954.516,0.079,0.019,0.784,22-5
1144,1197119035,4,7,0.083,12598,1048.839,0.07,0.009,0.347,22-5
1144,-1197117206,4,10,0.066,7408,490.032,0.055,0.006,0.31,22-5
1144,-1196608842,4,6,0.075,19565,1470.194,0.063,0.01,0.447,22-5
1144,-1279293296,4,7,0.097,12498,1211.548,0.073,0.012,0.518,22-5
1144,20173573,4,10,0.086,7227,624.194,0.058,0.011,0.62,22-5
1145,1197713305,4,8,0.185,4693,868.774,0.12,0.029,0.775,22-5
1145,-1197713119,4,8,0.125,4674,583.581,0.115,0.015,0.395,22-5
1144,948815709,4,8,0.097,18409,1779.613,0.071,0.013,0.533,22-5
1144,1197848901,4,13,0.082,11999,981.581,0.046,0.012,0.943,22-5
1144,-948815619,4,11,0.127,6692,846.677,0.09,0.029,1.055,22-5
1145,929812314,4,11,0.134,5155,689.258,0.132,0.011,0.29,22-5
1146,758801729,4,3,0.128,18352,2344.806,0.099,0.028,0.565,22-5
1146,1197694878,4,3,0.233,5883,1369,0.274,0.037,0.264,22-5
1146,989943595,4,6,0.095,10928,1043.032,0.105,0.009,0.245,22-5
1146,-1278340469,4,4,0.225,5995,1351.871,0.211,0.033,0.367,22-5
1146,-1050309523,4,5,0.127,12439,1584.161,0.09,0.022,0.597,22-5
1145,-1197710665,4,11,0.138,6547,905.935,0.112,0.016,0.398,22-5
1149,1196560229,4,3,0.237,3277,777.645,0.266,0.039,0.276,22-5
1146,-989943754,4,7,0.236,5765,1361.839,0.234,0.01,0.139,22-5
1146,1050309548,4,6,0.224,8763,1964.774,0.22,0.022,0.298,22-5
1149,-19500883,4,3,0.175,5099,892.129,0.187,0.038,0.389,22-5
1150,-757156232,4,2,0.084,21993,1837.774,0.062,0.03,0.685,22-5
1149,-1196401441,4,4,0.151,7700,1160.581,0.117,0.034,0.544,22-5
1149,1196401446,4,4,0.208,5339,1111.613,0.167,0.052,0.565,22-5
1146,-1050315085,4,6,0.086,14157,1220.355,0.096,0.013,0.348,22-5
1150,757140671,4,1,0.07,21609,1520.065,0.07,0,0,22-5
1150,125166977,4,3,0.059,9412,554.323,0.073,0.013,0.351,22-5
1150,755951718,4,2,0.081,10650,857.452,0.064,0.023,0.51,22-5
1150,-125165021,4,8,0.082,12037,982.355,0.073,0.007,0.238,22-5
1151,-1212843033,4,5,0.143,7647,1092.516,0.144,0.023,0.417,22-5
1150,1278826347,4,9,0.091,8394,767.548,0.098,0.013,0.396,22-5
1157,-1213981264,4,3,0.186,7914,1472.548,0.186,0.025,0.268,22-5
1157,1213985531,4,2,0.243,10452,2537.548,0.254,0.016,0.09,22-5
1157,1229910393,4,3,0.215,8183,1755.29,0.186,0.025,0.242,22-5
1151,-1212843568,4,11,0.123,8203,1009.903,0.105,0.012,0.324,22-5
1151,1212841825,4,11,0.176,6241,1096.452,0.135,0.016,0.424,22-5
1157,-1213985530,4,2,0.275,12414,3410.161,0.248,0.038,0.219,22-5
1158,-1070535767,4,4,0.256,6008,1538.323,0.197,0.041,0.459,22-5
1158,711391862,4,5,0.199,8002,1595.226,0.168,0.021,0.293,22-5
1158,-1067825091,4,6,0.166,6664,1107.226,0.143,0.015,0.317,22-5
1158,1278358428,4,5,0.141,4888,690.129,0.136,0.018,0.307,22-5
1159,1067209147,4,5,0.333,3173,1057.581,0.283,0.054,0.429,22-5
1159,-1219926370,4,5,0.334,3438,1147.032,0.267,0.052,0.449,22-5
1161,-758515739,4,3,0.216,19680,4244.484,0.181,0.035,0.39,22-5
1161,758515728,4,5,0.206,8904,1832.065,0.122,0.048,0.988,22-5
1161,1162666912,4,3,0.179,10497,1882.677,0.196,0.014,0.138,22-5
1161,-1162666910,4,5,0.14,13336,1863.355,0.116,0.028,0.546,22-5
1161,-1161046346,4,6,0.093,11683,1084.71,0.089,0.02,0.612,22-5
1161,1162666914,4,6,0.092,12288,1125.645,0.093,0.016,0.494,22-5
1161,1229598165,4,9,0.133,15148,2011.677,0.133,0.025,0.547,22-5
1161,-1240993705,4,9,0.155,15746,2434.129,0.114,0.02,0.568,22-5
1166,1238092123,4,7,0.091,2235,203.677,0.081,0.008,0.237,22-5
1166,-125432035,4,7,0.071,3481,247.452,0.054,0.01,0.509,22-5
1174,-1213502408,4,7,0.119,12885,1530.226,0.099,0.01,0.336,22-5
1174,1213503228,4,7,0.101,15925,1606.871,0.097,0.008,0.288,22-5
1174,997246024,4,9,0.106,15264,1625.097,0.092,0.013,0.408,22-5
1174,1269828380,4,12,0.123,15605,1920.226,0.115,0.008,0.264,22-5
1175,1270813466,4,10,0.134,4654,624.129,0.102,0.019,0.527,22-5
1174,-1213503225,4,9,0.125,13808,1727.323,0.102,0.015,0.419,22-5
1174,-1213495831,4,12,0.146,13010,1901.903,0.111,0.012,0.469,22-5
1169,-1256959979,4,2,0.103,2966,306.226,0.076,0.038,0.701,22-5
1175,-743300715,4,10,0.107,5643,601.871,0.098,0.017,0.538,22-5
1169,1256959980,4,2,0.084,1607,134.968,0.136,0.073,0.764,22-5
1169,98317020,4,2,0.243,774,188.355,0.224,0.027,0.172,22-5
1169,-98366414,4,2,0.103,1965,201.774,0.114,0.017,0.205,22-5
1170,902231499,4,4,0.068,1999,135.935,0.091,0.033,0.783,22-5
1170,-125397089,4,4,0.097,2406,233.871,0.06,0.026,0.945,22-5
1176,1061523897,4,14,0.173,7236,1250.097,0.146,0.021,0.507,22-5
1176,-106763095,4,15,0.113,9862,1112.258,0.168,0.058,1.494,22-5
1176,-1269719090,4,14,0.269,5415,1455.677,0.173,0.031,0.687,22-5
1177,-1208023373,4,4,0.207,16439,3400.484,0.172,0.036,0.481,22-5
1177,1208023375,4,4,0.187,15575,2915.516,0.138,0.038,0.654,22-5
1177,-1269649843,4,8,0.128,9340,1192.806,0.089,0.026,0.968,22-5
1178,1209694024,4,2,0.053,6872,361.548,0.052,0,0.009,22-5
1177,-1208029995,4,10,0.301,2015,606.129,0.26,0.047,0.614,22-5
1178,-1209694023,4,2,0.058,8778,506.129,0.056,0.003,0.073,22-5
1178,-1270831285,4,5,0.065,7503,490.71,0.063,0.005,0.192,22-5
1177,1269482191,4,8,0.084,9176,774.387,0.108,0.025,0.693,22-5
1178,1272030698,4,5,0.058,7180,418.645,0.056,0.005,0.208,22-5
1177,107262901,4,8,0.228,11631,2648.226,0.135,0.041,0.934,22-5
1177,1208023413,4,10,0.156,2489,388.419,0.238,0.043,0.706,22-5
1177,-1208040403,4,8,0.157,13410,2109.355,0.137,0.027,0.555,22-5
1179,1061634183,4,4,0.17,429,72.871,0.133,0.028,0.504,22-5
1179,-1208321137,4,4,0.2,3089,617.871,0.19,0.033,0.37,22-5
1180,-1269784302,4,10,0.136,8113,1100.871,0.154,0.035,0.822,22-5
1180,1129925828,4,10,0.136,8554,1160.548,0.132,0.027,0.695,22-5
1180,1208376459,4,13,0.193,9278,1786.935,0.148,0.025,0.527,22-5
1180,-1129925845,4,13,0.143,11708,1669.194,0.121,0.019,0.462,22-5
1181,1208031158,4,10,0.32,5743,1837.194,0.302,0.047,0.565,22-5
1183,1208777095,4,9,0.303,2185,661.516,0.167,0.058,1.119,22-5
1183,-1208728102,4,9,0.256,2252,576.839,0.191,0.063,0.929,22-5
1185,-1209046685,4,4,0.288,7488,2158.613,0.292,0.051,0.411,22-5
1184,1075944357,4,10,0.083,5390,447.097,0.068,0.008,0.373,22-5
1184,-1075944363,4,11,0.066,8056,528.516,0.06,0.009,0.537,22-5
1184,-1075923551,4,10,0.169,9124,1539.161,0.139,0.021,0.375,22-5
1185,1208146471,4,7,0.246,8220,2023.161,0.251,0.039,0.412,22-5
1185,1208146518,4,4,0.297,10166,3020.484,0.209,0.065,0.737,22-5
1185,-1208146766,4,7,0.189,11059,2087.742,0.207,0.056,0.773,22-5
1185,-1208628446,4,7,0.244,4124,1006.581,0.233,0.036,0.405,22-5
1185,-1208146477,4,9,0.291,8361,2433.29,0.344,0.096,0.889,22-5
1185,1209046644,4,7,0.197,5114,1006.516,0.184,0.018,0.277,22-5
1186,-1164591330,4,7,0.255,4592,1172.839,0.223,0.035,0.432,22-5
1185,1269661943,4,9,0.334,8571,2864.645,0.304,0.067,0.677,22-5
1186,1208881540,4,8,0.177,8523,1509.516,0.113,0.028,0.758,22-5
1186,-1272390699,4,8,0.187,8928,1669.194,0.148,0.028,0.467,22-5
1187,-1272408720,4,3,0.154,13189,2030.774,0.169,0.031,0.326,22-5
1187,1272408718,4,3,0.328,8417,2757.774,0.269,0.051,0.334,22-5
1187,792913773,4,5,0.136,13070,1779.226,0.138,0.041,0.734,22-5
1187,1164859426,4,5,0.16,7500,1202.355,0.218,0.059,0.631,22-5
1187,-1164859427,4,7,0.23,9715,2237.548,0.22,0.043,0.558,22-5
1187,1276197886,4,7,0.168,11039,1859.871,0.192,0.029,0.405,22-5
1193,1278819354,4,5,0.116,3085,357.194,0.102,0.013,0.311,22-5
1193,-948958771,4,5,0.109,2740,299.29,0.103,0.006,0.133,22-5
1193,-125163231,4,7,0.247,4107,1014.581,0.14,0.048,0.95,22-5
1193,1000657608,4,7,0.126,4136,519.548,0.135,0.018,0.393,22-5
1195,-1209917564,4,3,0.069,21983,1505.839,0.067,0.012,0.344,22-5
1195,1209686550,4,3,0.057,18233,1042.323,0.063,0.009,0.265,22-5
1194,1214077494,4,13,0.089,5232,464.484,0.162,0.035,0.667,22-5
1195,1209917610,4,10,0.076,9931,757.194,0.06,0.011,0.613,22-5
1195,988838780,4,8,0.099,16252,1601.032,0.061,0.018,0.846,22-5
1194,-1278210473,4,13,0.151,7605,1148.484,0.129,0.011,0.371,22-5
1198,1262226553,4,1,0.112,5922,664.548,0.112,0,0,22-5
1195,988838793,4,10,0.111,5147,572.323,0.065,0.017,0.915,22-5
1198,1262226552,4,2,0.162,4613,747.484,0.146,0.023,0.221,22-5
1198,-1262226551,4,1,0.078,17105,1340.774,0.078,0,0,22-5
1195,-1209478738,4,8,0.065,15593,1009.097,0.069,0.009,0.378,22-5
1195,-1272023200,4,10,0.077,5172,398.097,0.072,0.009,0.42,22-5
1198,851421686,4,2,0.179,4514,807.452,0.182,0.004,0.031,22-5
1195,-1061843554,4,10,0.073,8503,624.548,0.073,0.006,0.269,22-5
1199,-1069666512,4,7,0.095,429,40.806,0.062,0.019,0.844,22-5
1199,1214011172,4,7,0.077,606,46.452,0.059,0.014,0.585,22-5
1202,1067798064,4,4,0.089,5203,464.677,0.077,0.009,0.252,22-5
1202,-1067842121,4,5,0.068,6322,428.419,0.068,0.006,0.22,22-5
1205,1219808510,4,5,0.333,2409,802.613,0.268,0.057,0.428,22-5
1205,-1219815017,4,5,0.231,2195,505.968,0.26,0.042,0.374,22-5
1206,-917361782,4,3,0.059,13946,825.29,0.058,0.002,0.048,22-5
1205,-90820381,4,6,0.162,3370,544.935,0.169,0.026,0.416,22-5
1206,970736205,4,3,0.068,13825,934.968,0.065,0.002,0.067,22-5
1205,1219815255,4,6,0.229,2454,560.903,0.267,0.037,0.374,22-5
1206,-1066420766,4,8,0.075,21732,1620.323,0.042,0.014,1.059,22-5
1206,1012210073,4,7,0.083,13370,1109.742,0.084,0.026,0.893,22-5
1208,-1281566561,4,10,0.119,3010,358.194,0.069,0.019,0.924,22-5
1209,1204234231,4,4,0.124,7021,868.29,0.121,0.008,0.152,22-5
1203,1207244624,4,2,0.051,5545,284.613,0.045,0.009,0.277,22-5
1209,-1204849491,4,4,0.136,6307,854.677,0.127,0.014,0.224,22-5
1208,931649998,4,8,0.152,1562,237.226,0.161,0.022,0.421,22-5
1203,-1207244623,4,2,0.093,6937,642,0.093,0.001,0.016,22-5
1209,-1204236285,4,6,0.104,3976,413.677,0.11,0.014,0.372,22-5
1209,-1204235499,4,6,0.116,5962,693.774,0.111,0.009,0.2,22-5
1203,1279477018,4,3,0.047,4328,202.355,0.043,0.003,0.144,22-5
1209,1204296245,4,6,0.13,4149,539.806,0.124,0.016,0.367,22-5
1203,-1279477019,4,2,0.078,6014,471.903,0.076,0.004,0.076,22-5
1203,-1207243600,4,4,0.089,5498,490.677,0.075,0.011,0.343,22-5
1209,1168738134,4,6,0.11,7656,843.484,0.1,0.01,0.211,22-5
1203,1238479961,4,2,0.061,3777,230.903,0.06,0.001,0.035,22-5
1203,-1238479962,4,2,0.054,5823,317.194,0.057,0.003,0.083,22-5
1203,123389210,4,2,0.173,4051,701.742,0.133,0.057,0.6,22-5
1203,-98359045,4,2,0.077,6550,502.903,0.089,0.017,0.27,22-5
1210,-1246425720,4,3,0.168,16890,2836.806,0.181,0.057,0.62,22-5
1210,1246434515,4,2,0.282,6784,1916.323,0.284,0.002,0.01,22-5
1210,-1246434514,4,2,0.299,7913,2362.71,0.285,0.019,0.095,22-5
1210,1246504643,4,3,0.205,13027,2675.71,0.18,0.028,0.306,22-5
1210,-1246485447,4,2,0.248,13439,3333.355,0.245,0.004,0.023,22-5
1203,1205641383,4,5,0.074,5202,383.903,0.065,0.006,0.237,22-5
1210,22763402,4,3,0.291,15801,4590.387,0.207,0.074,0.692,22-5
1210,-1246482534,4,5,0.141,10438,1470.065,0.137,0.015,0.273,22-5
1210,1246434524,4,5,0.279,8955,2497.032,0.203,0.046,0.594,22-5
1215,-917433246,4,3,0.181,13403,2430.806,0.192,0.022,0.208,22-5
1215,917433245,4,4,0.137,9754,1336.355,0.143,0.019,0.285,22-5
1215,-1062082565,4,4,0.292,5339,1558.226,0.263,0.044,0.36,22-5
1218,101647187,4,1,0.116,7523,873.097,0.116,0,0,22-5
1215,1062082571,4,4,0.192,8948,1719.581,0.156,0.038,0.545,22-5
1215,-1183373041,4,4,0.197,9776,1926.742,0.159,0.032,0.416,22-5
1218,1231240392,4,5,0.14,6105,852.71,0.117,0.02,0.374,22-5
1218,1196877937,4,7,0.13,4919,640.613,0.144,0.032,0.652,22-5
1220,-1278680534,4,3,0.034,24925,835.903,0.027,0.008,0.581,22-5
1220,1196565541,4,4,0.043,10182,440.452,0.043,0.005,0.29,22-5
1220,-1196565528,4,4,0.106,4986,527,0.118,0.011,0.22,22-5
1220,1278680532,4,3,0.086,5814,499.226,0.089,0.015,0.322,22-5
1220,-1278649534,4,10,0.113,6338,713.839,0.107,0.024,0.756,22-5
1221,1269683051,4,7,0.132,3226,425.806,0.16,0.04,0.696,22-5
1220,19513485,4,10,0.082,7671,625.516,0.088,0.019,0.696,22-5
1221,-1208443935,4,9,0.083,6863,572.29,0.083,0.014,0.594,22-5
1221,-1269647207,4,7,0.078,8599,673.387,0.058,0.012,0.548,22-5
1221,-1269647229,4,9,0.057,9192,526.161,0.064,0.009,0.467,22-5
1221,106774438,4,10,0.2,5282,1057.194,0.088,0.04,1.495,22-5
1221,-1208437543,4,7,0.111,10245,1140.516,0.091,0.015,0.404,22-5
1221,1269655977,4,9,0.105,6454,680.226,0.094,0.012,0.406,22-5
1221,1269650576,4,7,0.12,8906,1069.71,0.1,0.014,0.371,22-5
1221,1269641284,4,9,0.289,2223,642.677,0.193,0.042,0.7,22-5
1221,1208436665,4,10,0.09,7410,668,0.075,0.033,1.45,22-5
1221,-1269674936,4,17,0.095,8090,771.71,0.087,0.007,0.287,22-5
1221,1208365354,4,17,0.094,7513,708.806,0.092,0.01,0.404,22-5
1223,1209742138,4,3,0.26,1135,295.613,0.262,0.004,0.027,22-5
1223,-1209664329,4,4,0.344,2415,829.581,0.304,0.079,0.597,22-5
1223,1209742433,4,3,0.213,8149,1731.935,0.207,0.008,0.07,22-5
1223,-1209664338,4,4,0.162,9562,1552.774,0.176,0.012,0.168,22-5
1223,1209741886,4,10,0.146,9257,1353.484,0.122,0.024,0.618,22-5
1224,-1209306589,4,4,0.116,19540,2257,0.11,0.015,0.285,22-5
1223,-1210003217,4,11,0.082,10600,870.097,0.108,0.016,0.445,22-5
1224,98850470,4,7,0.26,2207,574.29,0.183,0.057,0.782,22-5
1225,810848054,4,3,0.117,349,40.806,0.243,0.235,1.716,22-5
1224,1058884553,4,8,0.141,2602,366.968,0.126,0.016,0.411,22-5
1224,-1209307507,4,8,0.135,3341,451.484,0.107,0.016,0.403,22-5
1224,1209307512,4,5,0.172,14857,2550,0.147,0.033,0.529,22-5
1224,-1209307519,4,7,0.152,14655,2221.839,0.135,0.019,0.382,22-5
1225,1209406733,4,2,0.223,3610,806.484,0.208,0.022,0.152,22-5
1225,-1209406732,4,2,0.182,3914,711.065,0.164,0.025,0.219,22-5
1224,1209347437,4,7,0.165,12057,1991.258,0.16,0.023,0.382,22-5
1226,-1209503750,4,6,0.223,8389,1868.419,0.207,0.016,0.195,22-5
1226,-897395639,4,7,0.237,5302,1257.645,0.227,0.089,1.316,22-5
1226,897395632,4,9,0.187,9325,1739.419,0.129,0.027,0.663,22-5
1226,1209664940,4,9,0.24,7250,1738.419,0.2,0.043,0.649,22-5
1226,1209661284,4,6,0.207,7481,1552.032,0.233,0.052,0.647,22-5
1227,-1209280306,4,5,0.13,3962,516.71,0.124,0.036,0.739,22-5
1226,-1154842408,4,9,0.137,10335,1414.871,0.141,0.026,0.602,22-5
1227,843966301,4,7,0.209,12344,2576.613,0.131,0.037,0.834,22-5
1227,-1209280314,4,5,0.202,5416,1091.548,0.134,0.041,0.797,22-5
1227,1209280338,4,5,0.164,4036,663.065,0.106,0.036,0.823,22-5
1227,1209280345,4,5,0.093,5776,536.129,0.121,0.025,0.559,22-5
1227,-1209280318,4,7,0.115,17330,1996.065,0.108,0.027,0.748,22-5
1227,-1209319179,4,10,0.122,14529,1767.516,0.117,0.024,0.654,22-5
1231,108642137,4,1,0.246,2905,714.935,0.246,0,0,22-5
1227,31409248,4,10,0.122,16439,2003.871,0.112,0.031,0.897,22-5
1231,711632297,4,3,0.216,2985,644,0.161,0.061,0.747,22-5
1231,-956581220,4,3,0.169,3871,656,0.145,0.058,0.741,22-5
1231,-1242108436,4,2,0.077,3952,303.323,0.086,0.013,0.21,22-5
1231,1242108437,4,2,0.117,4677,549,0.097,0.028,0.413,22-5
1229,1228414033,4,12,0.181,2249,406.645,0.195,0.027,0.52,22-5
1229,-1228459607,4,11,0.073,11503,844.194,0.067,0.01,0.45,22-5
1229,1228413866,4,11,0.068,12261,829.29,0.054,0.01,0.495,22-5
1229,1228459628,4,13,0.107,6176,660.742,0.075,0.011,0.532,22-5
1229,-113355341,4,13,0.075,7182,541.677,0.072,0.005,0.247,22-5
1229,-1228473803,4,12,0.206,3173,654.258,0.169,0.033,0.654,22-5
1891,-1146241652,4,5,0.189,941,177.742,0.205,0.04,0.47,22-5
1891,43028013,4,5,0.1,1358,135.71,0.116,0.024,0.496,22-5